#! FIELDS time d cn1 cn2 cna metad.bias metad.rct metad.zed metad.neff metad.nker metad.nlker metad.nlsteps @9.bias @9.force2 @10.bias @10.force2
 0.000000 1.29569 51.2266 54.5637 52.8952 -100 -100 1 1 0 0 0 0 0 0 0
 1.000000 1.36346 52.7993 54.0086 53.4039 -100 -100 1 1 0 0 0 0 0 0 0
 2.000000 1.42685 54.9946 54.9883 54.9914 -100 -100 1 1 0 0 0 0 0 0 0
 3.000000 1.4529 55.3624 53.7708 54.5666 -100 -100 1 1 0 0 0 0 0 0 0
 4.000000 1.44363 55.4923 55.013 55.2526 -100 -100 1 1 0 0 0 0 0 0 0
 5.000000 1.43154 57.3941 54.5341 55.9641 -100 -100 1 1 0 0 0 0 0 0 0
 6.000000 1.43732 54.7633 56.3233 55.5433 -100 -100 1 1 0 0 0 0 0 0 0
 7.000000 1.39384 52.9214 56.1691 54.5453 -100 -100 1 1 0 0 0 0 0 0 0
 8.000000 1.36708 53.757 52.7633 53.2602 -100 -100 1 1 0 0 0 0 0 0 0
 9.000000 1.38331 54.8568 54.6015 54.7291 -100 -100 1 1 0 0 0 0 0 0 0
 10.000000 1.40662 52.9107 58.0113 55.461 -100 -100 0.629961 1 1 1 0 0 0 0 0
 11.000000 1.38077 50.1271 49.8347 49.9809 4.26225 1.52194 0.944712 1.35068 1 1 87 0 0 0 0
 12.000000 1.36373 52.489 52.8555 52.6722 29.2439 25.7861 1.17452 1.00011 1 1 4 0 0 0 0
 13.000000 1.39235 54.0265 50.8203 52.4234 29.7683 27.2344 1.37403 1.97839 1 1 1 0 0 0 0
 14.000000 1.42565 55.3111 54.7008 55.0059 21.6708 26.8327 1.55765 2.06247 1 1 56 0 0 0 0
 15.000000 1.43857 55.8521 55.6228 55.7375 20.6152 26.4823 1.73334 2.11888 1 1 381 0 0 0 0
 16.000000 1.44927 56.0831 56.7143 56.3987 19.5839 26.1715 1.90381 2.15679 1 1 381 0 0 0 0
 17.000000 1.44773 57.2585 60.1139 58.6862 5.24682 25.8778 2.06756 2.15691 1 1 696 0 0 0 0
 18.000000 1.43852 56.7177 61.562 59.1398 9.79662 25.6155 2.22776 2.15767 1 1 696 0 0 0 0
 19.000000 1.44222 60.1153 64.1132 62.1142 -15.9573 25.3777 1.72865 2.15767 2 2 173 0 0 0 0
 20.000000 1.42186 57.6627 61.8373 59.75 33.6214 28.2691 2.52743 1.83201 1 1 198 0 0 0 0
 21.000000 1.4261 61.3228 63.6469 62.4848 -1.99308 28.0695 2.66974 1.83201 1 1 16 0 0 0 0
 22.000000 1.45798 60.1311 63.8919 62.0115 8.84003 27.8847 2.80709 1.83213 1 1 87 0 0 0 0
 23.000000 1.47663 59.5159 65.0359 62.2759 8.87028 27.7127 2.94311 1.83226 1 1 36 0 0 0 0
 24.000000 1.46652 59.2091 60.4746 59.8419 26.7779 27.6635 3.07796 1.99637 1 1 260 0 0 0 0
 25.000000 1.4552 52.7727 56.4033 54.588 7.66666 27.5123 3.21505 1.99645 1 1 137 0 0 0 0
 26.000000 1.45417 50.5013 49.949 50.2251 -39.9557 27.3697 2.14406 1.99645 2 2 316 0 0 0 0
 27.000000 1.45508 47.0702 52.1927 49.6314 -14.3668 27.2349 2.14937 1.99645 2 2 101 0 0 0 0
 28.000000 1.45713 52.1698 50.1133 51.1415 12.852 27.1074 2.25195 1.99711 2 2 158 0 0 0 0
 29.000000 1.44517 48.0421 52.5135 50.2778 10.8005 26.9858 2.29624 1.9974 2 2 686 0 0 0 0
 30.000000 1.40706 55.7 53.7755 54.7378 33.4762 28.1075 2.42878 2.95344 2 2 178 0 0 0 0
 31.000000 1.36528 48.7548 52.4583 50.6065 2.44147 27.9966 2.48889 2.95344 2 2 366 0 0 0 0
 32.000000 1.34665 45.4663 48.1544 46.8103 -41.4547 27.8904 1.95086 2.95344 3 3 298 0 0 0 0
 33.000000 1.34326 43.2477 46.6334 44.9406 -43.4239 27.7886 1.90756 2.95344 3 3 298 0 0 0 0
 34.000000 1.34933 44.223 48.8665 46.5447 -3.17958 27.6908 1.96673 2.95345 3 3 298 0 0 0 0
 35.000000 1.32445 48.163 52.0554 50.1092 14.3772 27.5971 1.92432 2.95454 4 4 298 0 0 0 0
 36.000000 1.30427 50.4661 53.6341 52.0501 14.7307 27.5069 1.93388 2.9558 4 4 298 0 0 0 0
 37.000000 1.32967 52.3145 54.0924 53.2034 32.3372 27.9713 1.98907 3.89501 4 4 2098 0 0 0 0
 38.000000 1.35176 51.7205 52.6429 52.1817 44.7885 36.3887 2.06183 1.0693 4 4 2098 0 0 0 0
 39.000000 1.38347 57.3757 57.854 57.6149 32.5968 36.325 2.08959 1.08488 4 4 260 0 0 0 0
 40.000000 1.38478 55.1578 56.2711 55.7145 44.3413 37.7152 2.15519 2.075 4 4 260 0 0 0 0
 41.000000 1.38621 51.0262 52.0477 51.537 47.4171 39.9516 2.26453 2.26903 4 4 1018 0 0 0 0
 42.000000 1.46045 55.4091 54.9966 55.2029 38.8012 39.9243 2.32662 2.35462 4 4 212 0 0 0 0
 43.000000 1.51555 55.1237 57.3458 56.2348 24.0298 39.8522 2.34754 2.35486 4 4 462 0 0 0 0
 44.000000 1.60258 56.1468 59.8919 58.0193 -16.8261 39.7819 2.10257 2.35486 5 5 462 0 0 0 0
 45.000000 1.69446 53.2478 55.5371 54.3925 -65.6924 39.7135 1.80667 2.35486 6 6 619 0 0 0 0
 46.000000 1.76588 58.5829 56.7504 57.6667 -76.4025 39.647 1.58146 2.35486 7 7 872 0 0 0 0
 47.000000 1.81562 63.1716 62.0559 62.6137 -91.8539 39.5822 1.38704 2.35486 8 8 297 0 0 0 0
 48.000000 1.79999 63.274 60.1046 61.6893 -53.4794 39.5191 1.39046 2.35486 8 8 297 0 0 0 0
 49.000000 1.7719 65.3933 65.2423 65.3178 -64.3842 39.4575 1.26329 2.35486 9 9 297 0 0 0 0
 50.000000 1.73582 66.5985 59.283 62.9408 -26.9676 39.3974 1.28205 2.35486 9 9 297 0 0 0 0
 51.000000 1.72224 62.0226 58.9198 60.4712 -9.62316 39.3387 1.30215 2.35486 9 9 297 0 0 0 0
 52.000000 1.70805 59.1121 58.6953 58.9037 0.428555 39.2813 1.33879 2.35486 9 9 297 0 0 0 0
 53.000000 1.75423 58.0975 54.8178 56.4577 -15.3494 39.2253 1.3442 2.35486 9 9 297 0 0 0 0
 54.000000 1.79309 55.1695 53.8505 54.51 -39.5812 39.1705 1.26105 2.35486 10 10 3362 0 0 0 0
 55.000000 1.84334 54.0996 50.9538 52.5267 -63.274 39.1168 1.23821 2.35486 10 10 698 0 0 0 0
 56.000000 1.88947 56.0529 54.8486 55.4507 -44.9268 39.0643 1.16143 2.35486 11 11 698 0 0 0 0
 57.000000 1.92794 64.0211 56.4554 60.2383 -59.4985 39.0129 1.08132 2.35486 12 12 252 0 0 0 0
 58.000000 1.99094 63.5711 60.7869 62.179 -68.3135 38.9625 1.01163 2.35486 13 13 252 0 0 0 0
 59.000000 1.99224 65.3705 63.8657 64.6181 -62.1034 38.9131 1.00568 2.35486 13 13 836 0 0 0 0
 60.000000 1.96155 68.2714 67.9335 68.1025 -76.6001 38.8647 0.93739 2.35486 14 14 836 0 0 0 0
 61.000000 1.93367 66.134 64.8738 65.5039 -22.8354 38.8171 0.911906 2.35486 15 15 836 0 0 0 0
 62.000000 1.95219 61.5027 58.9937 60.2482 -13.5563 38.7705 0.913274 2.35486 15 15 836 0 0 0 0
 63.000000 2.0192 55.5109 56.457 55.9839 -67.5605 38.7247 0.863735 2.35486 16 16 2020 0 0 0 0
 64.000000 2.08107 61.7677 57.0606 59.4142 -51.0522 38.6798 0.826326 2.35486 17 17 2020 0 0 0 0
 65.000000 2.12251 66.3023 62.6357 64.469 -62.7515 38.6357 0.787767 2.35486 18 18 1148 0 0 0 0
 66.000000 2.1362 66.3593 68.5613 67.4603 -63.8218 38.5923 0.75376 2.35486 19 19 358 0 0 0 0
 67.000000 2.10753 71.9664 69.9743 70.9703 -73.7159 38.5496 0.719391 2.35486 20 20 358 0 0 0 0
 68.000000 2.09388 64.3195 64.822 64.5707 -5.49986 38.5077 0.726745 2.35486 20 20 358 0 0 0 0
 69.000000 2.16083 61.1026 59.0321 60.0674 -47.4495 38.4665 0.72187 2.35486 20 20 1643 0 0 0 0
 70.000000 2.21255 62.1293 61.1536 61.6415 -38.6353 38.4259 0.698954 2.35486 21 21 1643 0 0 0 0
 71.000000 2.27423 58.8938 53.8462 56.37 -83.7061 38.386 0.666122 2.35486 22 22 1643 0 0 0 0
 72.000000 2.31915 61.6474 58.7116 60.1795 -58.4482 38.3467 0.643121 2.35486 23 23 1643 0 0 0 0
 73.000000 2.38341 57.5552 58.4399 57.9976 -55.6538 38.3081 0.623247 2.35486 24 24 1643 0 0 0 0
 74.000000 2.43665 55.9872 54.7545 55.3709 -65.8103 38.27 0.601922 2.35486 25 25 2330 0 0 0 0
 75.000000 2.45334 63.4802 65.7749 64.6276 -94.5026 38.2325 0.576005 2.35486 26 26 170 0 0 0 0
 76.000000 2.45107 60.1646 62.9166 61.5406 -49.9578 38.1955 0.561331 2.35486 27 27 170 0 0 0 0
 77.000000 2.43166 68.5646 68.8294 68.697 -85.4091 38.1591 0.540099 2.35486 28 28 170 0 0 0 0
 78.000000 2.36687 66.4839 67.6965 67.0902 -46.5939 38.1232 0.540269 2.35486 28 28 170 0 0 0 0
 79.000000 2.31895 66.0863 62.8712 64.4787 -25.8692 38.0878 0.531816 2.35486 29 29 170 0 0 0 0
 80.000000 2.30485 63.4406 65.8142 64.6274 -2.08187 38.0529 0.533931 2.35486 29 29 170 0 0 0 0
 81.000000 2.30976 65.6181 66.4904 66.0543 10.7987 38.0185 0.535979 2.35486 29 29 170 0 0 0 0
 82.000000 2.34017 64.5428 66.096 65.3194 33.8338 37.991 0.538699 2.36689 29 29 170 0 0 0 0
 83.000000 2.38616 57.6186 64.7446 61.1816 8.60973 37.9575 0.545943 2.36689 29 29 170 0 0 0 0
 84.000000 2.45752 56.903 60.0269 58.465 -13.4511 37.9245 0.548165 2.36689 29 29 4106 0 0 0 0
 85.000000 2.56429 57.97 60.6541 59.312 -47.1665 37.8918 0.533892 2.36689 30 30 4106 0 0 0 0
 86.000000 2.64924 66.0576 64.1367 65.0971 -88.5016 37.8597 0.515125 2.36689 31 29 1302 0 0 0 0
 87.000000 2.69671 61.8984 59.5119 60.7051 -74.0636 37.8279 0.499676 2.36689 32 30 1302 0 0 0 0
 88.000000 2.72165 67.6083 60.3636 63.986 -49.8596 37.7965 0.498689 2.36689 32 30 1302 0 0 0 0
 89.000000 2.75947 59.7479 52.9631 56.3555 -89.3923 37.7655 0.482201 2.36689 33 31 83 0 0 0 0
 90.000000 2.83424 63.3249 57.8697 60.5973 -67.4149 37.7349 0.469276 2.36689 34 31 489 0 0 0 0
 91.000000 2.95716 67.8857 62.1228 65.0043 -93.3427 37.7047 0.45403 2.36689 35 31 343 0 0 0 0
 92.000000 3.01691 60.6337 57.329 58.9814 -90.6307 37.6748 0.440013 2.36689 36 31 664 0 0 0 0
 93.000000 3.02485 64.3112 60.1992 62.2552 -58.0357 37.6453 0.430371 2.36689 37 32 664 0 0 0 0
 94.000000 3.04212 70.4418 66.3478 68.3948 -85.58 37.6161 0.418049 2.36689 38 32 255 0 0 0 0
 95.000000 3.07995 66.1488 64.9032 65.526 -44.8058 37.5873 0.410964 2.36689 39 33 255 0 0 0 0
 96.000000 3.10959 59.1468 59.8024 59.4746 -49.9959 37.5588 0.409903 2.36689 39 32 288 0 0 0 0
 97.000000 3.20318 63.171 61.2267 62.1989 -61.0461 37.5306 0.400672 2.36689 40 32 219 0 0 0 0
 98.000000 3.24528 67.1767 66.38 66.7784 -74.5184 37.5027 0.390971 2.36689 41 31 696 0 0 0 0
 99.000000 3.28622 63.6827 65.3601 64.5214 -46.0219 37.4752 0.384548 2.36689 42 32 696 0 0 0 0
 100.000000 3.3265 60.6558 61.9497 61.3028 -54.8115 37.4479 0.377275 2.36689 43 28 1146 0 0 0 0
 101.000000 3.37595 56.4753 60.8287 58.652 -70.2476 37.4209 0.368851 2.36689 44 29 242 0 0 0 0
 102.000000 3.39183 54.419 56.9354 55.6772 -76.6321 37.3943 0.360277 2.36689 45 28 543 0 0 0 0
 103.000000 3.32877 57.5928 57.3265 57.4596 -25.5818 37.3679 0.360391 2.36689 45 28 543 0 0 0 0
 104.000000 3.26019 62.0472 60.3925 61.2199 4.28873 37.3417 0.364434 2.36689 44 32 1251 0 0 0 0
 105.000000 3.21679 70.0319 67.6262 68.8291 -46.4856 37.3159 0.363278 2.36689 44 34 217 0 0 0 0
 106.000000 3.18508 73.132 69.9706 71.5513 -64.5398 37.2903 0.355312 2.36689 45 34 298 0 0 0 0
 107.000000 3.14641 64.5574 67.2759 65.9167 9.55383 37.265 0.356948 2.36689 45 34 298 0 0 0 0
 108.000000 3.15004 64.1786 60.7376 62.4581 23.8864 37.24 0.35816 2.36711 46 37 1025 0 0 0 0
 109.000000 3.11876 65.3219 62.8799 64.1009 34.2624 37.2228 0.361377 2.38143 46 37 1025 0 0 0 0
 110.000000 3.10687 64.7749 58.5256 61.6502 40.7052 37.296 0.363184 2.56596 46 37 1025 0 0 0 0
 111.000000 3.08425 67.6462 65.5413 66.5938 33.0551 37.2761 0.364696 2.57514 46 37 1025 0 0 0 0
 112.000000 3.03668 73.5932 71.35 72.4716 -67.4367 37.252 0.357227 2.57514 47 40 1838 0 0 0 0
 113.000000 2.98987 70.1684 68.2663 69.2173 -15.1544 37.2282 0.35576 2.57514 47 40 1838 0 0 0 0
 114.000000 2.90702 65.646 65.2087 65.4274 -5.92099 37.2045 0.354433 2.57514 47 40 1838 0 0 0 0
 115.000000 2.83963 59.3929 61.5564 60.4747 -14.584 37.1811 0.354363 2.57514 47 43 1563 0 0 0 0
 116.000000 2.82079 51.0752 57.3298 54.2025 -68.9984 37.1579 0.347275 2.57514 48 45 200 0 0 0 0
 117.000000 2.81825 58.0821 59.6352 58.8586 -2.83208 37.1349 0.347679 2.57514 48 45 200 0 0 0 0
 118.000000 2.85503 55.8244 57.8364 56.8304 -8.23708 37.1121 0.345508 2.57514 49 46 200 0 0 0 0
 119.000000 2.93193 54.1649 58.6875 56.4262 -12.0518 37.0896 0.34508 2.57514 49 46 200 0 0 0 0
 120.000000 3.00811 51.4331 56.6075 54.0203 -55.6105 37.0672 0.338929 2.57514 50 47 200 0 0 0 0
 121.000000 3.03491 50.2293 51.0353 50.6323 -81.7201 37.045 0.331796 2.57514 51 48 200 0 0 0 0
 122.000000 3.03891 57.1764 54.839 56.0077 -8.34916 37.023 0.332327 2.57514 51 48 200 0 0 0 0
 123.000000 3.10444 56.6902 59.0242 57.8572 13.4735 37.0013 0.332177 2.57514 51 48 200 0 0 0 0
 124.000000 3.16472 54.4084 56.8791 55.6437 -15.2012 36.9797 0.328826 2.57514 52 49 200 0 0 0 0
 125.000000 3.25459 52.3803 51.5215 51.9509 -75.7576 36.9582 0.322407 2.57514 53 50 200 0 0 0 0
 126.000000 3.30425 55.061 52.9593 54.0102 -25.6991 36.937 0.319682 2.57514 54 40 4940 0 0 0 0
 127.000000 3.32247 56.1309 57.7473 56.9391 12.9752 36.916 0.320771 2.57515 54 40 4940 0 0 0 0
 128.000000 3.36253 67.6243 61.3784 64.5013 -12.465 36.8951 0.318994 2.57515 54 39 906 0 0 0 0
 129.000000 3.40549 64.1681 61.2395 62.7038 -3.45361 36.8744 0.316661 2.57515 55 40 906 0 0 0 0
 130.000000 3.5113 67.8411 66.6019 67.2215 -79.7236 36.8539 0.31043 2.57515 56 39 924 1.2771 51084 0 0
 131.000000 3.52068 60.4498 62.9119 61.6808 -46.9537 36.8335 0.30598 2.57515 57 38 627 4.27831 171132 0 0
 132.000000 3.51057 66.3698 64.6899 65.5298 -26.7017 36.8133 0.305924 2.57515 57 38 588 1.11642 44656.7 0 0
 133.000000 3.48397 71.3713 70.9541 71.1627 -82.9716 36.7933 0.299943 2.57515 58 39 351 0 0 0 0
 134.000000 3.4831 69.645 67.6083 68.6266 -19.5597 36.7734 0.29739 2.57515 59 40 351 0 0 0 0
 135.000000 3.47241 67.5008 64.2559 65.8783 17.8496 36.7537 0.297906 2.57517 59 40 351 0 0 0 0
 136.000000 3.51823 62.3992 59.1135 60.7564 -15.5909 36.7341 0.297267 2.57517 59 40 1416 3.32342 132937 0 0
 137.000000 3.51717 65.1048 61.0653 63.085 19.487 36.7147 0.297919 2.57521 59 40 1416 2.94729 117892 0 0
 138.000000 3.50733 67.3765 63.0693 65.2229 39.5398 36.7548 0.29825 2.6966 59 40 1416 0.537602 21504.1 0 0
 139.000000 3.52302 60.0588 56.8162 58.4375 -16.932 36.7357 0.295395 2.6966 60 41 1662 5.3013 212052 0 0
 140.000000 3.51039 56.0491 55.341 55.695 -26.943 36.7167 0.29273 2.6966 61 42 1662 1.07939 43175.5 0 0
 141.000000 3.52035 55.548 51.2488 53.3984 -46.7931 36.6979 0.289248 2.6966 62 43 896 4.14177 165671 0 0
 142.000000 3.48768 55.9447 49.8366 52.8907 -19.3697 36.6792 0.289237 2.6966 62 43 896 0 0 0 0
 143.000000 3.46852 51.7541 47.7107 49.7324 -65.2566 36.6606 0.284709 2.6966 63 44 896 0 0 0 0
 144.000000 3.46384 54.1613 49.6762 51.9187 2.66632 36.6422 0.28519 2.6966 63 44 896 0 0 0 0
 145.000000 3.44878 60.2881 58.8238 59.5559 35.3805 36.635 0.286969 2.72042 63 44 896 0 0 0 0
 146.000000 3.45443 64.0754 61.5987 62.837 58.9339 46.688 0.286716 1.03611 62 45 2293 0 0 0 0
 147.000000 3.48632 61.8023 59.0232 60.4127 61.6076 50.0452 0.287454 1.62765 62 45 2293 0 0 0 0
 148.000000 3.52393 59.638 56.3237 57.9809 37.0457 50.0274 0.287537 1.62778 62 45 2293 5.72766 229106 0 0
 149.000000 3.51514 58.5774 55.4852 57.0313 46.3554 50.0137 0.28852 1.63311 62 45 2293 2.29092 91636.6 0 0
 150.000000 3.51513 59.2275 57.7797 58.5036 69.9208 57.6768 0.288796 1.09719 62 45 2293 2.29005 91601.8 0 0
 151.000000 3.50552 65.4008 62.1311 63.7659 70.224 59.4828 0.288886 2.08261 62 45 2293 0.30522 12208.8 0 0
 152.000000 3.5036 71.5189 67.082 69.3004 3.09587 59.4654 0.288644 2.08261 62 43 406 0.129355 5174.21 0 0
 153.000000 3.48299 73.8487 69.4724 71.6606 -20.024 59.4482 0.288006 2.08261 62 43 406 0 0 0 0
 154.000000 3.45672 71.429 69.5924 70.5107 17.9795 59.431 0.288306 2.08261 62 43 406 0 0 0 0
 155.000000 3.47002 67.5515 69.448 68.4997 48.16 59.4142 0.288634 2.08293 62 43 406 0 0 0 0
 156.000000 3.42223 68.4284 64.7928 66.6106 59.8311 59.4172 0.289475 2.11627 62 43 406 0 0 0 0
 157.000000 3.36719 69.9777 65.0016 67.4896 46.8445 59.4005 0.291376 2.11646 63 44 406 0 0 0 0
 158.000000 3.3054 68.4747 63.6951 66.0849 50.19 59.3843 0.292366 2.11716 63 44 406 0 0 0 0
 159.000000 3.27374 72.6806 68.7664 70.7235 -11.4304 59.3677 0.292562 2.11716 63 44 406 0 0 0 0
 160.000000 3.24769 70.8313 66.439 68.6351 34.3866 59.3512 0.292866 2.11716 63 44 406 0 0 0 0
 161.000000 3.24681 63.925 65.7094 64.8172 60.2322 59.3581 0.293403 2.15661 63 44 406 0 0 0 0
 162.000000 3.22289 67.4185 68.1133 67.7659 58.1303 59.3518 0.2939 2.1738 63 44 406 0 0 0 0
 163.000000 3.15655 69.9773 66.4915 68.2344 54.505 59.338 0.294475 2.17784 63 44 406 0 0 0 0
 164.000000 3.13233 76.7384 71.7624 74.2504 -56.1777 59.322 0.290534 2.17784 64 45 406 0 0 0 0
 165.000000 3.10241 73.6013 73.576 73.5886 -16.6253 59.306 0.290785 2.17784 64 45 406 0 0 0 0
 166.000000 3.07165 70.8287 69.192 70.0104 26.0544 59.2902 0.291428 2.17784 64 45 406 0 0 0 0
 167.000000 3.00648 67.6692 68.4718 68.0705 34.5277 59.2745 0.291434 2.17784 64 59 7485 0 0 0 0
 168.000000 2.9566 66.5189 64.3251 65.422 28.4467 59.2588 0.291556 2.17784 64 59 7485 0 0 0 0
 169.000000 2.91426 63.1928 62.5298 62.8613 14.606 59.2433 0.291179 2.17784 65 60 7485 0 0 0 0
 170.000000 2.90617 63.8682 61.8345 62.8513 29.0322 59.2278 0.291584 2.17784 65 61 1368 0 0 0 0
 171.000000 2.83955 70.2674 65.3601 67.8137 -27.9221 59.2125 0.288516 2.17784 66 62 434 0 0 0 0
 172.000000 2.77011 71.1348 68.4206 69.7777 -61.0818 59.1972 0.284635 2.17784 67 63 434 0 0 0 0
 173.000000 2.7025 72.1115 65.2571 68.6843 -39.4344 59.1821 0.284326 2.17784 67 63 434 0 0 0 0
 174.000000 2.67077 67.4805 63.8695 65.675 -12.7743 59.167 0.28389 2.17784 67 63 434 0 0 0 0
 175.000000 2.6193 68.0607 66.2589 67.1598 -13.5701 59.152 0.281868 2.17784 68 64 434 0 0 0 0
 176.000000 2.57282 74.2494 71.3023 72.7759 -88.3963 59.1371 0.277236 2.17784 69 67 2361 0 0 0 0
 177.000000 2.54532 71.7864 66.1862 68.9863 -26.7824 59.1223 0.27506 2.17784 70 68 2361 0 0 0 0
 178.000000 2.56909 64.0599 64.2097 64.1348 -2.47739 59.1076 0.274111 2.17784 71 71 1162 0 0 0 0
 179.000000 2.57465 60.0239 58.7891 59.4065 -11.6503 59.093 0.274113 2.17784 71 71 1162 0 0 0 0
 180.000000 2.56231 63.2791 63.4479 63.3635 13.6496 59.0784 0.274519 2.17784 71 71 1162 0 0 0 0
 181.000000 2.5994 60.6888 58.6842 59.6865 10.1451 59.064 0.274638 2.17784 71 71 1162 0 0 0 0
 182.000000 2.64526 54.6771 55.5 55.0886 -49.6552 59.0496 0.271596 2.17784 72 72 202 0 0 0 0
 183.000000 2.62364 51.8662 50.9363 51.4013 -83.2213 59.0353 0.267575 2.17784 73 73 202 0 0 0 0
 184.000000 2.64228 54.3667 53.3465 53.8566 -24.9665 59.0211 0.267504 2.17784 73 73 202 0 0 0 0
 185.000000 2.64134 59.1095 57.777 58.4433 18.2919 59.0069 0.267807 2.17784 73 73 202 0 0 0 0
 186.000000 2.663 59.6652 54.4934 57.0793 23.0063 58.9929 0.268177 2.17784 74 74 202 0 0 0 0
 187.000000 2.67638 62.2496 62.1556 62.2026 30.2141 58.9789 0.268471 2.17784 74 72 2481 0 0 0 0
 188.000000 2.71548 64.1745 60.6751 62.4248 38.9851 58.965 0.268695 2.17785 74 72 2481 0 0 0 0
 189.000000 2.75977 69.868 62.6798 66.2739 24.6917 58.9512 0.269228 2.17785 75 73 974 0 0 0 0
 190.000000 2.7748 65.8675 58.2846 62.076 44.4734 58.9375 0.269757 2.17792 75 73 974 0 0 0 0
 191.000000 2.80866 63.706 59.6397 61.6728 53.8919 58.9257 0.270678 2.18109 75 73 974 0 0 0 0
 192.000000 2.82575 68.4605 62.7985 65.6295 40.3503 58.9121 0.271566 2.1811 75 73 974 0 0 0 0
 193.000000 2.83611 68.5492 63.7276 66.1384 50.2541 58.899 0.272017 2.18184 74 72 974 0 0 0 0
 194.000000 2.80326 74.8375 71.6628 73.2501 -76.2911 58.8855 0.268181 2.18184 75 71 2593 0 0 0 0
 195.000000 2.80406 72.4282 71.0925 71.7603 -23.7983 58.8721 0.268112 2.18184 75 71 2593 0 0 0 0
 196.000000 2.8024 70.6606 68.7193 69.6899 23.3802 58.8588 0.26819 2.18184 75 71 2593 0 0 0 0
 197.000000 2.82029 71.118 68.734 69.926 34.8109 58.8456 0.268241 2.18184 75 71 2593 0 0 0 0
 198.000000 2.83484 70.5089 71.5287 71.0188 32.7598 58.8325 0.268722 2.18184 75 71 2593 0 0 0 0
 199.000000 2.84525 66.5235 67.2509 66.8872 68.1581 59.318 0.26895 2.94018 75 71 2593 0 0 0 0
 200.000000 2.85973 61.5049 63.2006 62.3528 62.7516 59.3562 0.26959 3.05953 75 71 3137 0 0 0 0
 201.000000 2.87151 59.8629 60.5398 60.2014 53.9221 59.3447 0.269803 3.06314 75 71 3137 0 0 0 0
 202.000000 2.90183 59.9923 59.0826 59.5375 51.5816 59.3324 0.27019 3.06455 75 71 853 0 0 0 0
 203.000000 2.94558 63.0175 59.902 61.4598 65.7474 59.4824 0.270959 3.444 75 71 853 0 0 0 0
 204.000000 2.97728 58.7955 60.7225 59.759 54.4772 59.4714 0.273073 3.44874 76 72 853 0 0 0 0
 205.000000 3.03051 59.5534 57.9696 58.7615 43.8327 59.4587 0.273887 3.44881 76 72 853 0 0 0 0
 206.000000 3.09215 54.3146 52.9624 53.6385 -16.3628 59.4461 0.273763 3.44881 76 69 2050 0 0 0 0
 207.000000 3.09601 61.446 55.24 58.343 41.3083 59.4335 0.273887 3.44883 76 69 2050 0 0 0 0
 208.000000 3.07579 63.4601 60.9961 62.2281 54.0344 59.4224 0.272799 3.45281 75 68 1039 0 0 0 0
 209.000000 3.05465 64.4239 65.0096 64.7167 63.5424 59.4742 0.273125 3.62674 75 68 1039 0 0 0 0
 210.000000 3.06571 65.8949 63.1771 64.536 73.1011 61.3981 0.273411 2.85847 75 69 639 0 0 0 0
 211.000000 3.06709 60.8932 62.2037 61.5485 74.0311 62.8294 0.273777 3.30012 75 69 639 0 0 0 0
 212.000000 3.06318 57.3781 56.426 56.902 46.7013 62.8171 0.274263 3.30017 75 69 1240 0 0 0 0
 213.000000 3.12776 61.2938 59.9212 60.6075 68.6375 62.9279 0.274614 3.61182 75 69 1240 0 0 0 0
 214.000000 3.18767 58.4404 55.7823 57.1114 31.8473 62.9158 0.275081 3.61182 75 69 1240 0 0 0 0
 215.000000 3.20929 60.7015 57.3534 59.0275 46.8072 62.9037 0.276452 3.61187 76 70 1240 0 0 0 0
 216.000000 3.22559 62.9859 61.0842 62.035 59.6001 62.8949 0.276794 3.62114 76 70 1240 0 0 0 0
 217.000000 3.28171 57.9338 59.7388 58.8363 42.5326 62.883 0.277563 3.62115 76 70 1240 0 0 0 0
 218.000000 3.28751 61.0444 55.7038 58.3741 52.2469 62.8712 0.27811 3.62163 76 70 1240 0 0 0 0
 219.000000 3.2841 64.6762 59.6287 62.1524 62.4849 62.8695 0.278036 3.65102 76 70 1240 0 0 0 0
 220.000000 3.28758 67.3378 60.7353 64.0365 68.6038 62.9728 0.278186 3.97163 76 70 1240 0 0 0 0
 221.000000 3.28598 66.4308 64.7922 65.6115 72.7888 63.5005 0.278379 4.97025 76 63 4362 0 0 0 0
 222.000000 3.26525 71.4779 67.8591 69.6685 36.822 63.4888 0.27904 4.97025 76 63 675 0 0 0 0
 223.000000 3.25865 71.2147 67.6401 69.4274 53.4418 63.4774 0.279611 4.97107 76 63 675 0 0 0 0
 224.000000 3.29972 75.3378 72.2786 73.8082 -43.0398 63.4658 0.276634 4.97107 77 64 675 0 0 0 0
 225.000000 3.34609 75.5815 70.0916 72.8365 -5.36663 63.4543 0.276676 4.97107 77 64 675 0 0 0 0
 226.000000 3.45709 78.2076 71.8781 75.0429 -58.6837 63.4428 0.273428 4.97107 78 65 675 0 0 0 0
 227.000000 3.49692 74.9696 67.65 71.3098 18.4852 63.4314 0.273256 4.97107 78 65 675 0 0 0 0
 228.000000 3.52529 70.9979 66.6847 68.8413 41.263 63.42 0.273186 4.97108 78 65 675 6.39519 255808 0 0
 229.000000 3.51191 67.458 66.9446 67.2013 58.6007 63.4104 0.273389 4.97762 78 65 675 1.41839 56735.5 0 0
 230.000000 3.51371 67.3204 63.2266 65.2735 63.4294 63.4104 0.273262 5.02259 78 65 675 1.87996 75198.2 0 0
 231.000000 3.51715 63.6715 61.7589 62.7152 60.8464 63.4032 0.272873 5.03873 78 59 4679 2.94001 117600 0 0
 232.000000 3.51714 64.1066 59.6377 61.8721 67.0873 63.4406 0.272523 5.22842 78 59 4679 2.93914 117566 0 0
 233.000000 3.49333 66.17 59.0889 62.6295 82.2354 69.0076 0.272263 1.25016 78 59 4679 0 0 0 0
 234.000000 3.50347 61.7122 54.1222 57.9172 50.9652 68.9966 0.272372 1.25017 78 59 1428 0.120752 4830.07 0 0
 235.000000 3.52912 57.2679 54.3649 55.8164 27.6997 68.9856 0.272178 1.25017 78 59 1428 8.4816 339264 0 0
 236.000000 3.51896 54.5473 53.9998 54.2736 22.4773 68.9746 0.272688 1.25017 78 58 857 3.59607 143843 0 0
 237.000000 3.50013 59.6758 53.9335 56.8047 61.8147 68.9643 0.273159 1.25079 78 58 857 0.000163204 6.52817 0 0
 238.000000 3.45886 59.3238 54.8805 57.1022 71.8761 68.9882 0.272509 1.28582 77 57 857 0 0 0 0
 239.000000 3.3624 56.1546 51.7306 53.9426 16.7685 68.9774 0.272251 1.28582 76 56 857 0 0 0 0
 240.000000 3.29278 52.1257 46.9879 49.5568 -63.6995 68.9666 0.269142 1.28582 77 57 857 0 0 0 0
 241.000000 3.24989 54.9603 51.1474 53.0538 -2.58965 68.9559 0.269436 1.28582 77 57 857 0 0 0 0
 242.000000 3.20803 55.7987 52.1735 53.9861 19.3474 68.9452 0.269874 1.28582 77 57 857 0 0 0 0
 243.000000 3.17029 51.4433 49.9478 50.6955 -24.1597 68.9345 0.267974 1.28582 78 58 857 0 0 0 0
 244.000000 3.13507 48.7256 47.4045 48.0651 -63.0133 68.924 0.265084 1.28582 79 59 857 0 0 0 0
 245.000000 3.07229 54.6753 49.9054 52.2904 -1.02557 68.9134 0.265974 1.28582 79 59 857 0 0 0 0
 246.000000 3.01845 54.5648 51.5705 53.0677 11.9217 68.9029 0.265956 1.28582 79 73 5072 0 0 0 0
 247.000000 2.99456 52.5845 47.9348 50.2597 -24.2484 68.8925 0.265422 1.28582 79 73 5072 0 0 0 0
 248.000000 2.9007 49.0564 47.8519 48.4542 -73.2089 68.882 0.262062 1.28582 80 74 5072 0 0 0 0
 249.000000 2.79788 51.4166 53.5649 52.4907 -41.0128 68.8717 0.261578 1.28582 80 74 5072 0 0 0 0
 250.000000 2.76701 51.0764 51.2917 51.184 -36.2165 68.8613 0.259501 1.28582 81 75 5072 0 0 0 0
 251.000000 2.76273 47.5116 50.903 49.2073 -47.7933 68.851 0.259051 1.28582 81 75 5072 0 0 0 0
 252.000000 2.79378 44.9244 50.1344 47.5294 -46.7249 68.8408 0.256685 1.28582 82 76 5072 0 0 0 0
 253.000000 2.79156 42.3753 46.9108 44.6431 -77.0718 68.8306 0.253645 1.28582 83 79 3433 0 0 0 0
 254.000000 2.81769 54.2944 56.0138 55.1541 11.3087 68.8204 0.254055 1.28582 83 79 3433 0 0 0 0
 255.000000 2.83382 55.3474 53.7 54.5237 22.8667 68.8103 0.255004 1.28582 82 78 3433 0 0 0 0
 256.000000 2.84166 58.7605 55.9143 57.3374 47.7347 68.8002 0.255323 1.28582 82 79 1456 0 0 0 0
 257.000000 2.85387 61.6846 59.2219 60.4532 77.9971 69.1626 0.255626 1.67729 82 79 1456 0 0 0 0
 258.000000 2.85733 52.2471 59.5242 55.8856 52.5554 69.1526 0.255648 1.67731 82 79 1456 0 0 0 0
 259.000000 2.78205 58.4413 55.9562 57.1987 57.0257 69.1427 0.256252 1.67742 82 79 1456 0 0 0 0
 260.000000 2.69953 59.5076 58.1932 58.8504 47.8491 69.1328 0.257095 1.67742 82 79 1456 0 0 0 0
 261.000000 2.62994 63.2652 60.7832 62.0242 43.0921 69.1229 0.257465 1.67742 82 79 1456 0 0 0 0
 262.000000 2.58987 65.0563 66.4921 65.7742 18.6545 69.1131 0.258191 1.67742 82 81 2835 0 0 0 0
 263.000000 2.57211 68.1347 70.3992 69.2669 -12.6988 69.1033 0.25818 1.67742 82 80 622 0 0 0 0
 264.000000 2.58295 67.9856 67.644 67.8148 19.812 69.0935 0.258386 1.67742 82 80 622 0 0 0 0
 265.000000 2.56302 63.1081 64.9884 64.0482 37.5271 69.0838 0.258704 1.67742 82 80 622 0 0 0 0
 266.000000 2.53296 60.6689 62.5111 61.59 33.6521 69.0741 0.259379 1.67742 83 83 1514 0 0 0 0
 267.000000 2.5138 54.4856 55.2453 54.8654 -30.5273 69.0645 0.259324 1.67742 83 83 642 0 0 0 0
 268.000000 2.48455 56.8399 57.2065 57.0232 6.94788 69.0548 0.259722 1.67742 83 83 642 0 0 0 0
 269.000000 2.48499 61.7982 61.3381 61.5682 32.4782 69.0453 0.260311 1.67742 82 82 642 0 0 0 0
 270.000000 2.48367 64.5018 65.716 65.1089 29.7611 69.0357 0.260756 1.67742 82 82 1210 0 0 0 0
 271.000000 2.47195 72.2967 69.3408 70.8187 -33.7843 69.0262 0.258765 1.67742 83 83 794 0 0 0 0
 272.000000 2.39814 73.0048 68.4221 70.7135 -33.201 69.0168 0.258486 1.67742 83 83 794 0 0 0 0
 273.000000 2.37941 66.598 69.2164 67.9072 6.39604 69.0073 0.258453 1.67742 83 83 794 0 0 0 0
 274.000000 2.33849 64.072 62.1922 63.1321 16.902 68.9979 0.258824 1.67742 83 83 794 0 0 0 0
 275.000000 2.34513 57.3542 57.1772 57.2657 -10.4511 68.9886 0.2594 1.67742 83 83 1953 0 0 0 0
 276.000000 2.33722 60.0711 63.6921 61.8816 23.6599 68.9793 0.259978 1.67742 83 83 1953 0 0 0 0
 277.000000 2.3344 60.0829 58.1581 59.1205 17.3917 68.97 0.26015 1.67742 83 83 1953 0 0 0 0
 278.000000 2.34753 53.8304 53.2468 53.5386 -50.2012 68.9607 0.257589 1.67742 84 83 1652 0 0 0 0
 279.000000 2.34153 52.3713 51.0434 51.7073 -61.8937 68.9515 0.25688 1.67742 84 83 1652 0 0 0 0
 280.000000 2.29307 57.6697 54.111 55.8903 -6.52872 68.9423 0.256531 1.67742 84 83 1652 0 0 0 0
 281.000000 2.26986 53.867 51.2272 52.5471 -36.8432 68.9331 0.256127 1.67742 84 83 1652 0 0 0 0
 282.000000 2.21724 58.5172 56.0799 57.2985 -11.0567 68.924 0.254812 1.67742 85 84 1652 0 0 0 0
 283.000000 2.17398 62.7999 59.3488 61.0744 -3.86393 68.9149 0.256353 1.67742 84 83 1652 0 0 0 0
 284.000000 2.19405 56.0164 54.483 55.2497 -21.2789 68.9059 0.254815 1.67742 85 84 1652 0 0 0 0
 285.000000 2.15683 62.0771 55.0028 58.5399 6.28284 68.8969 0.255115 1.67742 85 84 1652 0 0 0 0
 286.000000 2.13381 63.6737 58.6418 61.1578 20.7443 68.8879 0.254971 1.67742 85 84 1652 0 0 0 0
 287.000000 2.13106 69.8406 63.281 66.5608 -18.5612 68.8789 0.255138 1.67742 85 84 4097 0 0 0 0
 288.000000 2.16332 70.3669 65.3454 67.8562 -16.2459 68.87 0.25493 1.67742 85 83 895 0 0 0 0
 289.000000 2.20394 69.9021 68.8434 69.3727 -26.5629 68.8611 0.253184 1.67742 86 84 895 0 0 0 0
 290.000000 2.22185 68.4381 62.9366 65.6874 16.4819 68.8522 0.252963 1.67742 87 85 895 0 0 0 0
 291.000000 2.22208 76.0399 69.2237 72.6318 -70.4371 68.8434 0.250298 1.67742 88 86 895 0 0 0 0
 292.000000 2.19663 75.6149 68.7079 72.1614 -35.961 68.8346 0.250377 1.67742 88 86 895 0 0 0 0
 293.000000 2.17644 70.4231 69.4728 69.948 1.45346 68.8258 0.250686 1.67742 88 86 895 0 0 0 0
 294.000000 2.21086 67.2137 64.3587 65.7862 29.3222 68.8171 0.250965 1.67742 88 86 895 0 0 0 0
 295.000000 2.23028 65.5647 61.0336 63.2991 35.2724 68.8084 0.251526 1.67742 89 87 895 0 0 0 0
 296.000000 2.21972 64.7206 62.0389 63.3797 44.4543 68.7997 0.251873 1.67742 89 87 895 0 0 0 0
 297.000000 2.24087 70.555 66.0149 68.285 24.5706 68.7911 0.252441 1.67742 89 87 895 0 0 0 0
 298.000000 2.25184 70.0306 63.6268 66.8287 47.0088 68.7825 0.25298 1.67742 89 87 895 0 0 0 0
 299.000000 2.26347 64.8737 61.7834 63.3285 57.0825 68.774 0.253403 1.67753 89 87 895 0 0 0 0
 300.000000 2.26864 67.6966 65.3276 66.5121 59.0822 68.7656 0.253889 1.67776 89 87 895 0 0 0 0
 301.000000 2.25395 72.3311 70.3127 71.3219 2.90888 68.7571 0.254147 1.67776 89 87 895 0 0 0 0
 302.000000 2.24 78.3876 71.6541 75.0208 -58.781 68.7486 0.251612 1.67776 90 84 6639 0 0 0 0
 303.000000 2.19929 75.2937 72.2549 73.7743 -11.9546 68.7401 0.251948 1.67776 90 84 6639 0 0 0 0
 304.000000 2.1699 79.4188 75.7999 77.6093 -76.975 68.7316 0.249149 1.67776 91 85 6639 0 0 0 0
 305.000000 2.15375 71.3075 68.738 70.0227 30.7918 68.7232 0.250271 1.67776 91 85 6639 0 0 0 0
 306.000000 2.12179 71.644 69.6286 70.6363 22.6899 68.7148 0.250295 1.67776 91 85 6639 0 0 0 0
 307.000000 2.06139 68.5746 68.6287 68.6017 11.7629 68.7065 0.250057 1.67776 92 86 6639 0 0 0 0
 308.000000 1.97124 66.0965 68.4555 67.276 -15.2176 68.6982 0.25178 1.67776 91 85 6639 0 0 0 0
 309.000000 1.92598 73.8729 72.4345 73.1537 -90.153 68.6899 0.248771 1.67776 92 86 6639 0 0 0 0
 310.000000 1.91454 72.387 68.4576 70.4223 -46.7968 68.6816 0.24672 1.67776 93 87 6639 0 0 0 0
 311.000000 1.94402 70.9797 68.0806 69.5301 -10.2481 68.6733 0.24696 1.67776 93 87 6639 0 0 0 0
 312.000000 1.99268 67.1673 66.1156 66.6415 16.7829 68.6651 0.247289 1.67776 93 87 6639 0 0 0 0
 313.000000 2.02883 65.8857 65.1612 65.5235 27.9551 68.6569 0.248136 1.67776 93 86 5670 0 0 0 0
 314.000000 2.05733 62.9749 59.9915 61.4832 20.9915 68.6488 0.248003 1.67776 94 87 5670 0 0 0 0
 315.000000 2.01885 60.4093 58.7826 59.5959 4.80985 68.6406 0.248456 1.67776 94 87 5670 0 0 0 0
 316.000000 1.99636 55.5816 54.8669 55.2243 -44.8201 68.6325 0.248191 1.67776 94 88 1360 0 0 0 0
 317.000000 2.01372 55.8159 54.2978 55.0569 -25.4137 68.6244 0.247955 1.67776 94 88 1360 0 0 0 0
 318.000000 2.04127 60.4567 56.9197 58.6882 17.6529 68.6164 0.248399 1.67776 94 88 1360 0 0 0 0
 319.000000 2.02972 58.0892 60.7498 59.4195 36.4243 68.6083 0.248593 1.67776 94 88 1360 0 0 0 0
 320.000000 2.06121 56.9359 52.2918 54.6139 -15.5131 68.6003 0.24836 1.67776 94 88 1360 0 0 0 0
 321.000000 2.08933 50.5524 51.0123 50.7823 -81.0455 68.5923 0.245615 1.67776 95 90 2738 0 0 0 0
 322.000000 2.10961 55.2032 51.5704 53.3868 -20.9116 68.5844 0.244335 1.67776 96 91 2738 0 0 0 0
 323.000000 2.1329 52.3624 48.4916 50.427 -48.7021 68.5765 0.244106 1.67776 96 91 2738 0 0 0 0
 324.000000 2.1317 52.9898 52.3452 52.6675 -5.60534 68.5686 0.244143 1.67776 96 91 2738 0 0 0 0
 325.000000 2.10863 58.0865 57.6308 57.8587 34.2768 68.5607 0.244625 1.67776 97 92 2738 0 0 0 0
 326.000000 2.12215 59.7408 54.3878 57.0643 35.9032 68.5528 0.244859 1.67776 97 92 2738 0 0 0 0
 327.000000 2.14888 62.7341 61.0604 61.8973 55.1666 68.545 0.245363 1.67781 97 96 2876 0 0 0 0
 328.000000 2.15477 63.6614 64.3783 64.0199 58.8288 68.5374 0.246038 1.67803 97 96 2876 0 0 0 0
 329.000000 2.16405 65.9499 63.0554 64.5026 68.1604 68.5363 0.24663 1.68704 97 96 2876 0 0 0 0
 330.000000 2.11848 64.8023 60.9111 62.8567 68.8426 68.5373 0.24717 1.69891 97 96 2876 0 0 0 0
 331.000000 2.06702 66.6919 62.5271 64.6095 58.8194 68.5297 0.248049 1.69912 97 93 2107 0 0 0 0
 332.000000 2.01654 66.0618 62.5998 64.3308 52.4376 68.522 0.248163 1.69914 97 93 2107 0 0 0 0
 333.000000 1.94936 64.6985 62.27 63.4842 27.2058 68.5143 0.248114 1.69914 97 93 2107 0 0 0 0
 334.000000 1.88618 64.6806 61.9561 63.3184 7.20373 68.5067 0.247395 1.69914 98 94 2107 0 0 0 0
 335.000000 1.90113 60.6496 60.7569 60.7033 13.5256 68.499 0.246992 1.69914 99 95 2107 0 0 0 0
 336.000000 1.90909 58.4189 59.778 59.0985 17.5148 68.4914 0.24703 1.69914 99 86 2610 0 0 0 0
 337.000000 1.84947 64.6476 61.1034 62.8755 16.6076 68.4838 0.24701 1.69914 99 86 2610 0 0 0 0
 338.000000 1.7759 70.4352 66.6637 68.5495 -63.6921 68.4763 0.244741 1.69914 100 85 711 0 0 0 0
 339.000000 1.74003 68.9239 66.4243 67.6741 -42.9268 68.4687 0.244585 1.69914 100 85 711 0 0 0 0
 340.000000 1.79053 67.3978 65.0956 66.2467 -6.99521 68.4612 0.244618 1.69914 100 85 711 0 0 0 0
 341.000000 1.85199 67.7406 65.0259 66.3832 14.1964 68.4537 0.244936 1.69914 100 85 711 0 0 0 0
 342.000000 1.88282 66.0238 63.2265 64.6251 41.1922 68.4462 0.245251 1.69914 100 85 711 0 0 0 0
 343.000000 1.893 62.7987 60.6953 61.747 45.5197 68.4387 0.2457 1.69914 100 85 711 0 0 0 0
 344.000000 1.86737 63.1841 64.0947 63.6394 54.833 68.4313 0.245818 1.69918 100 85 711 0 0 0 0
 345.000000 1.84643 58.8099 58.5045 58.6572 18.5244 68.4239 0.245644 1.69918 101 87 3756 0 0 0 0
 346.000000 1.87684 57.7839 54.2883 56.0361 -0.0784545 68.4165 0.245841 1.69918 101 87 3756 0 0 0 0
 347.000000 1.92174 52.9417 49.5623 51.252 -59.0403 68.4092 0.243677 1.69918 102 89 688 0 0 0 0
 348.000000 1.93057 59.5519 51.6348 55.5933 16.0168 68.4018 0.243837 1.69918 102 89 688 0 0 0 0
 349.000000 1.9111 55.0825 52.8534 53.968 8.90684 68.3945 0.243973 1.69918 102 89 688 0 0 0 0
 350.000000 1.94125 53.9294 45.9588 49.9441 -49.6058 68.3872 0.243494 1.69918 102 89 688 0 0 0 0
 351.000000 2.01272 48.8127 46.1332 47.4729 -75.2056 68.3799 0.241142 1.69918 103 90 688 0 0 0 0
 352.000000 2.0388 55.9095 51.2247 53.5671 20.3593 68.3726 0.241265 1.69918 103 90 688 0 0 0 0
 353.000000 2.01236 58.8263 55.8465 57.3364 48.287 68.3654 0.241645 1.69919 103 90 688 0 0 0 0
 354.000000 1.98784 62.8935 52.959 57.9263 60.0041 68.3584 0.24183 1.69953 103 90 688 0 0 0 0
 355.000000 2.02627 63.8749 58.2522 61.0636 73.809 68.4145 0.24205 1.786 103 95 4293 0 0 0 0
 356.000000 2.06969 64.6657 60.3962 62.531 82.2651 69.7938 0.2425 2.73196 103 95 4293 0 0 0 0
 357.000000 2.10835 64.6956 63.0026 63.8491 85.5664 72.1717 0.242823 2.30893 103 95 4293 0 0 0 0
 358.000000 2.10843 68.9845 63.8959 66.4402 69.3259 72.1669 0.24336 2.31315 103 100 1351 0 0 0 0
 359.000000 2.07651 70.6671 68.0404 69.3538 37.9603 72.1598 0.243441 2.31315 102 99 1351 0 0 0 0
 360.000000 1.98285 69.8663 67.4346 68.6505 34.6266 72.1527 0.243468 2.31315 102 99 1351 0 0 0 0
 361.000000 1.95985 68.2598 68.2756 68.2677 44.9465 72.1456 0.243452 2.31315 102 99 1351 0 0 0 0
 362.000000 1.96184 73.5755 72.137 72.8563 -31.5361 72.1386 0.243381 2.31315 102 85 2150 0 0 0 0
 363.000000 1.99263 77.0277 72.3123 74.67 -50.3587 72.1315 0.241493 2.31315 103 86 2150 0 0 0 0
 364.000000 1.97518 72.5928 71.7188 72.1558 7.52213 72.1245 0.241743 2.31315 103 86 2150 0 0 0 0
 365.000000 1.943 72.6974 71.6822 72.1898 16.3301 72.1175 0.241824 2.31315 103 86 2150 0 0 0 0
 366.000000 1.90809 70.6482 67.7874 69.2178 34.9142 72.1105 0.241852 2.31315 103 86 2150 0 0 0 0
 367.000000 1.92006 68.63 66.241 67.4355 57.1859 72.1036 0.241995 2.31319 103 86 2150 0 0 0 0
 368.000000 1.94345 69.6478 65.5834 67.6156 70.4069 72.1002 0.242053 2.31971 103 86 2150 0 0 0 0
 369.000000 1.96413 68.6176 62.2761 65.4468 79.8469 72.2433 0.242293 2.59321 103 86 2150 0 0 0 0
 370.000000 1.98785 64.9371 61.2627 63.0999 84.364 72.9981 0.242576 3.58911 103 93 3989 0 0 0 0
 371.000000 2.03032 71.7803 64.945 68.3627 73.5227 72.9998 0.242968 3.61347 103 93 3989 0 0 0 0
 372.000000 2.08451 77.6529 67.6592 72.6561 8.0539 72.9929 0.242437 3.61347 104 97 657 0 0 0 0
 373.000000 2.09801 78.3491 69.2749 73.812 -2.26119 72.9861 0.242238 3.61347 104 97 657 0 0 0 0
 374.000000 2.08224 70.8664 65.5717 68.219 77.6085 73.0225 0.242783 3.73677 104 97 657 0 0 0 0
 375.000000 2.08488 68.0593 62.715 65.3872 93.4296 78.9429 0.243352 1.21191 104 97 657 0 0 0 0
 376.000000 2.16846 62.9339 60.6107 61.7723 77.9048 78.9405 0.243699 1.21626 104 103 2268 0 0 0 0
 377.000000 2.25564 59.6433 56.9776 58.3104 30.0771 78.9338 0.244381 1.21626 103 102 2268 0 0 0 0
 378.000000 2.27711 62.4234 58.1268 60.2751 47.0023 78.927 0.244585 1.21626 103 102 2268 0 0 0 0
 379.000000 2.25111 59.1773 59.8004 59.4888 56.4797 78.9203 0.244949 1.21626 103 102 2268 0 0 0 0
 380.000000 2.2298 56.4291 56.5938 56.5114 38.0145 78.9136 0.245129 1.21626 103 102 2268 0 0 0 0
 381.000000 2.22716 54.9293 53.9382 54.4337 17.8681 78.9069 0.245052 1.21626 103 102 2248 0 0 0 0
 382.000000 2.22332 47.8593 51.5396 49.6995 -52.2136 78.9002 0.24311 1.21626 104 100 803 0 0 0 0
 383.000000 2.24153 44.3062 50.732 47.5191 -71.6163 78.8935 0.240985 1.21626 105 101 803 0 0 0 0
 384.000000 2.26225 49.8116 52.2317 51.0217 -13.2874 78.8869 0.241199 1.21626 105 101 803 0 0 0 0
 385.000000 2.32793 47.5358 50.1781 48.857 -45.772 78.8803 0.239543 1.21626 106 102 803 0 0 0 0
 386.000000 2.41786 50.2037 49.2363 49.72 -58.9742 78.8737 0.237639 1.21626 107 103 803 0 0 0 0
 387.000000 2.45368 56.8701 54.9354 55.9027 3.34986 78.8671 0.237715 1.21626 107 103 803 0 0 0 0
 388.000000 2.44835 54.0176 53.0913 53.5544 -10.5232 78.8605 0.237548 1.21626 107 103 803 0 0 0 0
 389.000000 2.45961 53.7299 55.3402 54.535 16.6924 78.854 0.237395 1.21626 107 103 803 0 0 0 0
 390.000000 2.45491 61.9287 62.3763 62.1525 32.8979 78.8474 0.237429 1.21626 107 107 3845 0 0 0 0
 391.000000 2.42294 62.2859 60.1057 61.1958 42.8583 78.8409 0.23743 1.21626 107 107 3845 0 0 0 0
 392.000000 2.44022 66.3153 63.9513 65.1333 30.4135 78.8344 0.23749 1.21626 107 107 1120 0 0 0 0
 393.000000 2.47129 67.2902 65.8804 66.5853 26.6409 78.8279 0.237599 1.21626 107 107 1120 0 0 0 0
 394.000000 2.51424 69.7416 66.5243 68.133 21.6985 78.8214 0.238024 1.21626 107 107 1120 0 0 0 0
 395.000000 2.52118 64.5134 63.8704 64.1919 49.8607 78.815 0.238275 1.21626 107 107 1120 0 0 0 0
 396.000000 2.50804 65.8641 63.6304 64.7472 57.6269 78.8085 0.238628 1.21626 107 107 1120 0 0 0 0
 397.000000 2.53218 59.3696 56.8167 58.0931 26.4335 78.8021 0.238739 1.21626 107 107 2603 0 0 0 0
 398.000000 2.58457 62.5272 57.6781 60.1027 45.1114 78.7957 0.238832 1.21626 107 107 2603 0 0 0 0
 399.000000 2.60769 54.9445 57.0107 55.9776 12.031 78.7893 0.239034 1.21626 107 107 2603 0 0 0 0
 400.000000 2.62169 54.163 54.1337 54.1483 2.71633 78.783 0.238883 1.21626 107 107 2603 0 0 0 0
 401.000000 2.63686 60.3961 57.5835 58.9898 47.4059 78.7766 0.238998 1.21626 107 107 2603 0 0 0 0
 402.000000 2.63231 63.87 62.1764 63.0232 49.6754 78.7703 0.239245 1.21626 107 107 2603 0 0 0 0
 403.000000 2.65865 70.6642 65.8965 68.2803 18.1018 78.7639 0.239199 1.21626 107 105 2708 0 0 0 0
 404.000000 2.67326 74.4794 71.6287 73.054 -48.5109 78.7576 0.237439 1.21626 108 106 669 0 0 0 0
 405.000000 2.65671 70.4283 68.6634 69.5459 17.3997 78.7513 0.237244 1.21626 109 107 669 0 0 0 0
 406.000000 2.64129 72.0495 72.1836 72.1165 -12.9585 78.7451 0.238851 1.21626 108 106 669 0 0 0 0
 407.000000 2.65515 71.3699 69.0322 70.201 27.1241 78.7388 0.238904 1.21626 108 106 669 0 0 0 0
 408.000000 2.6683 68.1378 62.6764 65.4071 46.1493 78.7326 0.239012 1.21626 108 106 669 0 0 0 0
 409.000000 2.68354 63.2339 62.1226 62.6783 56.0715 78.7263 0.238986 1.21627 108 106 669 0 0 0 0
 410.000000 2.67993 68.675 60.1504 64.4127 59.5076 78.7201 0.239068 1.21627 108 106 669 0 0 0 0
 411.000000 2.66854 64.4965 59.7191 62.1078 68.5066 78.714 0.239053 1.21637 108 106 3617 0 0 0 0
 412.000000 2.68904 62.8279 59.8914 61.3596 70.1808 78.7081 0.239025 1.21657 108 106 3617 0 0 0 0
 413.000000 2.72392 66.8469 64.2395 65.5432 55.8542 78.7019 0.239029 1.21657 108 106 3617 0 0 0 0
 414.000000 2.72231 68.0836 66.1892 67.1364 53.4385 78.6957 0.240148 1.21657 109 107 3617 0 0 0 0
 415.000000 2.78465 66.8799 63.6259 65.2529 52.6854 78.6896 0.24053 1.21657 109 107 3617 0 0 0 0
 416.000000 2.85053 66.7175 61.7561 64.2368 47.3488 78.6835 0.241346 1.21657 110 108 3617 0 0 0 0
 417.000000 2.89896 72.1885 69.4335 70.811 -7.90208 78.6774 0.24037 1.21657 111 106 2937 0 0 0 0
 418.000000 2.96716 69.7449 68.191 68.968 8.85305 78.6713 0.240381 1.21657 111 106 2937 0 0 0 0
 419.000000 2.97031 69.6508 65.3409 67.4958 29.3184 78.6652 0.240583 1.21657 111 106 2937 0 0 0 0
 420.000000 2.97827 73.9941 70.0489 72.0215 -16.2647 78.6591 0.240681 1.21657 111 106 2937 0 0 0 0
 421.000000 2.97516 75.3845 69.706 72.5452 -9.51565 78.6531 0.240597 1.21657 111 106 2937 0 0 0 0
 422.000000 2.9681 79.1936 70.8468 75.0202 -49.3299 78.6471 0.238862 1.21657 112 98 2330 0 0 0 0
 423.000000 2.95343 76.3836 71.352 73.8678 -8.72236 78.6411 0.239109 1.21657 112 98 2330 0 0 0 0
 424.000000 2.93884 64.9943 63.8726 64.4335 45.7066 78.635 0.239318 1.21657 112 98 2330 0 0 0 0
 425.000000 2.96111 66.9038 63.0168 64.9603 51.7152 78.6291 0.239385 1.21657 112 107 1389 0 0 0 0
 426.000000 2.99825 66.3609 61.7835 64.0722 56.2034 78.6231 0.239597 1.21657 112 107 1389 0 0 0 0
 427.000000 3.01091 63.0996 60.1902 61.6449 54.5041 78.6171 0.239957 1.21657 112 107 1389 0 0 0 0
 428.000000 2.95282 62.4807 54.563 58.5218 41.7152 78.6112 0.239819 1.21657 112 105 1576 0 0 0 0
 429.000000 2.93493 64.9913 59.2619 62.1266 67.0315 78.6053 0.240034 1.21662 112 105 1576 0 0 0 0
 430.000000 2.92197 62.3052 62.861 62.5831 73.9377 78.6003 0.240238 1.21751 112 105 1576 0 0 0 0
 431.000000 2.93383 68.6259 62.3194 65.4727 68.3078 78.5945 0.240344 1.21761 112 107 1453 0 0 0 0
 432.000000 2.90285 71.3453 68.9026 70.124 29.9494 78.5886 0.240481 1.21761 112 107 1453 0 0 0 0
 433.000000 2.8694 69.1456 65.3645 67.255 53.7182 78.5827 0.240771 1.21761 112 107 1453 0 0 0 0
 434.000000 2.82308 71.7338 65.434 68.5839 49.5591 78.5769 0.241247 1.21761 112 107 1453 0 0 0 0
 435.000000 2.85325 67.0677 66.9006 66.9841 67.6747 78.5711 0.241461 1.21768 112 107 1453 0 0 0 0
 436.000000 2.86263 65.2453 64.6839 64.9646 78.8426 78.5718 0.24016 1.22404 111 106 1453 0 0 0 0
 437.000000 2.90206 60.2222 56.8132 58.5177 52.3559 78.5659 0.240329 1.22404 111 107 3246 0 0 0 0
 438.000000 2.95682 58.478 57.2974 57.8877 52.4941 78.5601 0.240264 1.22404 111 107 3246 0 0 0 0
 439.000000 2.99004 53.8324 55.7863 54.8094 17.2175 78.5543 0.240216 1.22404 111 107 3246 0 0 0 0
 440.000000 2.9781 55.18 53.5666 54.3733 24.1543 78.5486 0.240128 1.22404 111 107 3246 0 0 0 0
 441.000000 2.96692 52.9837 49.2334 51.1086 -9.65156 78.5428 0.240049 1.22404 111 101 1978 0 0 0 0
 442.000000 2.91366 55.0974 51.8226 53.46 21.2872 78.537 0.239829 1.22404 112 102 1978 0 0 0 0
 443.000000 2.86857 57.5606 51.3933 54.4769 36.4753 78.5313 0.240132 1.22404 112 102 1978 0 0 0 0
 444.000000 2.86328 58.3798 56.7857 57.5827 59.8783 78.5256 0.240312 1.22404 112 102 1978 0 0 0 0
 445.000000 2.81515 60.9336 60.191 60.5623 62.9495 78.5199 0.240269 1.22405 112 109 1937 0 0 0 0
 446.000000 2.76962 68.7873 63.2804 66.0338 77.1064 78.5174 0.240577 1.22723 112 109 735 0 0 0 0
 447.000000 2.77304 61.4999 56.6326 59.0663 55.8134 78.5117 0.24072 1.22723 112 109 473 0 0 0 0
 448.000000 2.75625 65.7701 61.3856 63.5779 78.736 78.5122 0.242779 1.23335 113 110 473 0 0 0 0
 449.000000 2.78207 65.472 55.0096 60.2408 72.0264 78.507 0.242835 1.23376 113 110 473 0 0 0 0
 450.000000 2.80518 69.5801 59.1361 64.3581 86.7238 78.6493 0.243272 1.38282 113 110 473 0 0 0 0
 451.000000 2.83383 69.1576 57.1603 63.159 88.822 78.9565 0.245972 1.73415 114 111 473 0 0 0 0
 452.000000 2.83585 64.307 60.0805 62.1938 89.9132 79.369 0.244087 2.29251 113 110 473 0 0 0 0
 453.000000 2.84104 63.8183 60.6039 62.2111 98.3114 83.6039 0.244334 1.46504 113 110 473 0 0 0 0
 454.000000 2.81736 59.4794 56.4134 57.9464 70.7736 83.5983 0.244543 1.46508 113 110 473 0 0 0 0
 455.000000 2.7586 59.7927 54.4815 57.1371 54.8348 83.5927 0.244736 1.46508 113 110 473 0 0 0 0
 456.000000 2.71534 56.2102 52.2857 54.248 18.1131 83.5872 0.24449 1.46508 114 111 473 0 0 0 0
 457.000000 2.6916 55.7747 48.9052 52.34 -5.62281 83.5816 0.245011 1.46508 114 112 4635 0 0 0 0
 458.000000 2.67028 55.294 49.2152 52.2546 3.72875 83.576 0.245123 1.46508 114 112 4635 0 0 0 0
 459.000000 2.63706 52.246 46.8994 49.5727 -45.522 83.5705 0.243492 1.46508 115 113 4635 0 0 0 0
 460.000000 2.58185 50.1815 46.5878 48.3846 -65.641 83.565 0.241663 1.46508 116 114 4635 0 0 0 0
 461.000000 2.50765 52.1283 50.4668 51.2975 -34.6215 83.5595 0.240288 1.46508 117 115 4635 0 0 0 0
 462.000000 2.52067 50.5605 51.8307 51.1956 -17.8363 83.554 0.240278 1.46508 117 115 4635 0 0 0 0
 463.000000 2.51457 55.0924 53.6184 54.3554 20.439 83.5485 0.240301 1.46508 117 115 4635 0 0 0 0
 464.000000 2.56327 58.1637 55.3034 56.7335 37.1253 83.543 0.240641 1.46508 118 116 4635 0 0 0 0
 465.000000 2.54163 65.8123 62.1286 63.9704 60.0076 83.5375 0.240655 1.46508 118 118 4205 0 0 0 0
 466.000000 2.48703 64.9723 55.7599 60.3661 47.6616 83.5321 0.240687 1.46508 118 118 4205 0 0 0 0
 467.000000 2.47676 62.3104 56.7818 59.5461 49.8599 83.5266 0.241006 1.46508 118 118 4205 0 0 0 0
 468.000000 2.50042 60.3701 55.9719 58.171 53.1785 83.5212 0.241213 1.46508 118 118 4205 0 0 0 0
 469.000000 2.51315 61.3837 63.0519 62.2178 68.2747 83.5158 0.241385 1.46509 118 118 4205 0 0 0 0
 470.000000 2.50939 60.588 60.7493 60.6686 74.1823 83.5105 0.241521 1.46524 118 118 4205 0 0 0 0
 471.000000 2.44394 58.4652 55.5186 56.9919 45.8689 83.5051 0.241464 1.46524 118 118 4205 0 0 0 0
 472.000000 2.35405 65.4856 58.3743 61.93 47.2011 83.4998 0.241631 1.46524 118 118 4205 0 0 0 0
 473.000000 2.35057 64.8925 57.7977 61.3451 57.5273 83.4944 0.241637 1.46524 118 118 4205 0 0 0 0
 474.000000 2.3448 70.8472 59.7894 65.3183 40.8452 83.489 0.241645 1.46524 118 118 4205 0 0 0 0
 475.000000 2.36666 73.0013 67.3426 70.1719 -11.6106 83.4837 0.241695 1.46524 118 118 4799 0 0 0 0
 476.000000 2.40403 69.9357 66.2777 68.1067 23.3516 83.4784 0.241692 1.46524 118 118 4799 0 0 0 0
 477.000000 2.41578 69.2363 62.5688 65.9026 48.5314 83.473 0.241767 1.46524 118 118 4799 0 0 0 0
 478.000000 2.37581 71.1646 59.9819 65.5733 55.6605 83.4677 0.241913 1.46524 118 118 4799 0 0 0 0
 479.000000 2.33353 70.3107 64.5667 67.4387 45.0638 83.4624 0.242155 1.46524 118 118 4799 0 0 0 0
 480.000000 2.31066 74.4719 69.4613 71.9666 -10.3638 83.4571 0.241254 1.46524 119 119 4799 0 0 0 0
 481.000000 2.35651 72.6193 68.0614 70.3403 19.2773 83.4518 0.241456 1.46524 119 119 4799 0 0 0 0
 482.000000 2.3997 69.3713 66.5546 67.9629 53.6663 83.4466 0.241514 1.46524 119 119 4799 0 0 0 0
 483.000000 2.43185 67.0004 63.0777 65.0391 70.403 83.4414 0.241608 1.46527 119 119 4799 0 0 0 0
 484.000000 2.41958 66.5205 62.9484 64.7345 76.3981 83.4364 0.241746 1.46564 119 119 4799 0 0 0 0
 485.000000 2.41838 71.6568 63.0893 67.3731 69.4643 83.4312 0.241917 1.46566 119 119 4799 0 0 0 0
 486.000000 2.43683 77.0742 67.6239 72.3491 -24.3089 83.426 0.240714 1.46566 120 120 4799 0 0 0 0
 487.000000 2.45316 77.0059 70.9235 73.9647 -51.8957 83.4208 0.240205 1.46566 120 118 6000 0 0 0 0
 488.000000 2.43285 77.3781 72.0731 74.7256 -43.8998 83.4156 0.239888 1.46566 120 118 6000 0 0 0 0
 489.000000 2.4369 75.4565 66.3927 70.9246 27.3634 83.4104 0.239884 1.46566 120 118 6000 0 0 0 0
 490.000000 2.44827 72.7601 66.7362 69.7482 47.6791 83.4052 0.240034 1.46566 120 118 6000 0 0 0 0
 491.000000 2.48287 68.7347 69.8766 69.3056 48.3645 83.4 0.24022 1.46566 120 118 6000 0 0 0 0
 492.000000 2.54958 69.1677 66.2185 67.6931 48.9055 83.3949 0.240416 1.46566 120 118 6000 0 0 0 0
 493.000000 2.55302 62.7625 68.7289 65.7457 66.0887 83.3897 0.240603 1.46567 120 118 6000 0 0 0 0
 494.000000 2.53806 68.9142 67.1325 68.0234 61.2298 83.3846 0.240708 1.46567 120 118 6000 0 0 0 0
 495.000000 2.55928 73.4513 71.9557 72.7035 -13.33 83.3795 0.240629 1.46567 120 118 6000 0 0 0 0
 496.000000 2.57023 71.8481 69.5923 70.7202 31.3467 83.3743 0.24085 1.46567 121 119 6000 0 0 0 0
 497.000000 2.55083 73.5474 70.6841 72.1157 20.1854 83.3692 0.24116 1.46567 121 119 6000 0 0 0 0
 498.000000 2.53301 76.5598 74.8231 75.6914 -51.1695 83.3641 0.239518 1.46567 122 120 6000 0 0 0 0
 499.000000 2.57 70.4402 71.5432 70.9917 45.081 83.3591 0.239627 1.46567 121 119 6000 0 0 0 0
 500.000000 2.58363 70.7799 65.3095 68.0447 65.8492 83.354 0.239862 1.46568 121 119 6000 0 0 0 0
 501.000000 2.62144 64.2033 69.3812 66.7922 70.0196 83.3489 0.240078 1.4657 121 119 6000 0 0 0 0
 502.000000 2.64142 64.8965 67.083 65.9897 76.1401 83.3442 0.240412 1.46603 121 119 6000 0 0 0 0
 503.000000 2.64566 65.8789 62.4132 64.146 82.3122 83.3425 0.240689 1.46996 121 119 6000 0 0 0 0
 504.000000 2.63467 61.3208 55.978 58.6494 56.3481 83.3374 0.240781 1.46996 121 119 8569 0 0 0 0
 505.000000 2.65321 61.1365 56.8196 58.978 64.7235 83.3324 0.240904 1.46996 121 119 8569 0 0 0 0
 506.000000 2.6645 64.5678 59.4997 62.0337 83.1787 83.3321 0.240922 1.47552 121 119 8569 0 0 0 0
 507.000000 2.64293 63.3092 55.5748 59.442 76.9616 83.3275 0.241001 1.47598 121 119 8569 0 0 0 0
 508.000000 2.64871 63.3894 62.8061 63.0978 90.4574 83.4082 0.241213 1.57807 121 119 8569 0 0 0 0
 509.000000 2.64204 61.921 56.1349 59.0279 80.7063 83.4049 0.241282 1.58021 121 119 8569 0 0 0 0
 510.000000 2.61653 61.5937 53.5325 57.5631 70.9267 83.3999 0.241548 1.58025 121 120 2937 0 0 0 0
 511.000000 2.60385 58.1215 52.2149 55.1682 41.0555 83.395 0.241741 1.58025 121 120 2937 0 0 0 0
 512.000000 2.61381 55.7245 51.637 53.6807 31.2178 83.39 0.241862 1.58025 121 120 2937 0 0 0 0
 513.000000 2.65428 59.5858 52.6313 56.1085 61.3484 83.3851 0.242331 1.58025 121 120 2937 0 0 0 0
 514.000000 2.69849 57.5321 50.0666 53.7993 41.7977 83.3801 0.242493 1.58025 121 120 2937 0 0 0 0
 515.000000 2.73661 58.237 55.2066 56.7218 62.7198 83.3752 0.242507 1.58026 121 120 2937 0 0 0 0
 516.000000 2.75025 59.9926 56.9525 58.4726 77.8146 83.3708 0.242622 1.58093 121 120 2937 0 0 0 0
 517.000000 2.77223 61.4352 61.9942 61.7147 90.8222 83.4614 0.243007 1.70267 121 120 2937 0 0 0 0
 518.000000 2.83955 67.2082 62.1036 64.6559 93.4681 83.7135 0.243211 2.05118 121 118 4217 0 0 0 0
 519.000000 2.81196 60.3467 60.1658 60.2563 93.543 83.9484 0.243248 2.43511 121 118 4217 0 0 0 0
 520.000000 2.7932 57.1919 58.6392 57.9156 83.5848 83.9478 0.2436 2.44334 121 118 919 0 0 0 0
 521.000000 2.82262 60.3424 57.5306 58.9365 94.6695 84.2779 0.243793 3.04257 121 118 919 0 0 0 0
 522.000000 2.82926 58.5606 58.6578 58.6092 97.5085 85.0983 0.244139 4.01713 121 118 919 0 0 0 0
 523.000000 2.84908 56.2953 54.3215 55.3084 58.5043 85.0935 0.244341 4.01713 121 118 919 0 0 0 0
 524.000000 2.90218 53.095 50.2476 51.6713 1.1438 85.0886 0.244012 4.01713 121 113 1921 0 0 0 0
 525.000000 2.88566 54.1791 50.3241 52.2516 21.9672 85.0838 0.24396 4.01713 121 113 1921 0 0 0 0
 526.000000 2.86245 52.2405 44.6721 48.4563 -36.2931 85.079 0.244001 4.01713 121 113 1921 0 0 0 0
 527.000000 2.84801 53.4189 46.8247 50.1218 -2.59458 85.0742 0.244354 4.01713 121 113 1921 0 0 0 0
 528.000000 2.78735 52.4145 48.6794 50.5469 1.18164 85.0694 0.244498 4.01713 121 113 1921 0 0 0 0
 529.000000 2.80117 53.5348 52.3844 52.9596 36.9842 85.0646 0.244628 4.01713 121 113 1921 0 0 0 0
 530.000000 2.81778 55.7376 48.7145 52.2261 40.2932 85.0598 0.244861 4.01713 121 113 1921 0 0 0 0
 531.000000 2.82017 52.226 51.4705 51.8483 46.4553 85.055 0.245436 4.01713 121 113 1921 0 0 0 0
 532.000000 2.81898 54.5233 53.5309 54.0271 69.1867 85.0503 0.245482 4.01716 121 113 1921 0 0 0 0
 533.000000 2.83649 52.9701 50.4619 51.716 57.8892 85.0455 0.245957 4.01716 121 113 1921 0 0 0 0
 534.000000 2.85136 57.5481 56.0166 56.7824 87.33 85.0526 0.24597 4.05512 121 113 1921 0 0 0 0
 535.000000 2.8818 57.3175 57.1016 57.2095 87.0541 85.0584 0.246006 4.08929 121 113 1921 0 0 0 0
 536.000000 2.98014 54.4808 58.1624 56.3216 43.2052 85.0537 0.246254 4.08929 121 113 1921 0 0 0 0
 537.000000 3.03178 58.6823 62.7698 60.7261 45.6183 85.049 0.246341 4.08929 121 113 6757 0 0 0 0
 538.000000 3.04474 64.2507 62.9482 63.5995 50.2653 85.0443 0.246564 4.08929 121 113 6757 0 0 0 0
 539.000000 3.07994 65.2026 64.0838 64.6432 45.5322 85.0396 0.246448 4.08929 121 113 6757 0 0 0 0
 540.000000 3.1262 71.4448 66.9454 69.1951 4.32725 85.0349 0.245771 4.08929 122 108 1104 0 0 0 0
 541.000000 3.14406 66.7241 63.118 64.9211 36.5878 85.0302 0.245647 4.08929 122 108 1104 0 0 0 0
 542.000000 3.2004 61.9045 61.5393 61.7219 28.8439 85.0255 0.245733 4.08929 122 108 1104 0 0 0 0
 543.000000 3.23635 59.3813 58.5096 58.9454 16.0524 85.0208 0.246214 4.08929 121 99 1713 0 0 0 0
 544.000000 3.23877 57.3064 55.8125 56.5594 11.1135 85.0162 0.246225 4.08929 121 99 1713 0 0 0 0
 545.000000 3.25138 55.9224 56.1647 56.0436 16.6796 85.0115 0.246238 4.08929 121 99 1713 0 0 0 0
 546.000000 3.28843 60.4581 62.3435 61.4008 27.7179 85.0069 0.246092 4.08929 121 99 1713 0 0 0 0
 547.000000 3.35454 62.158 58.5948 60.3764 26.7258 85.0023 0.245951 4.08929 122 100 1713 0 0 0 0
 548.000000 3.40396 64.8966 62.2291 63.5629 28.2093 84.9976 0.245917 4.08929 123 101 1713 0 0 0 0
 549.000000 3.40047 61.6923 59.7236 60.708 34.4281 84.993 0.245888 4.08929 123 101 1713 0 0 0 0
 550.000000 3.37633 67.299 63.0862 65.1926 29.1875 84.9884 0.24617 4.08929 123 87 3603 0 0 0 0
 551.000000 3.38786 69.1029 64.4266 66.7648 27.341 84.9838 0.24635 4.08929 123 87 3603 0 0 0 0
 552.000000 3.38542 69.75 66.6369 68.1935 21.5513 84.9792 0.24622 4.08929 123 87 3603 0 0 0 0
 553.000000 3.41404 67.3484 61.2944 64.3214 46.8949 84.9746 0.246314 4.08929 123 87 3603 0 0 0 0
 554.000000 3.47697 66.9818 65.312 66.1469 37.9219 84.9701 0.246437 4.08929 123 87 3603 0 0 0 0
 555.000000 3.51095 64.0689 62.3014 63.1852 35.0602 84.9655 0.246395 4.08929 123 87 3603 1.19973 47989.1 0 0
 556.000000 3.52335 63.7234 61.9932 62.8583 38.2466 84.9609 0.246268 4.08929 123 87 3603 5.45337 218135 0 0
 557.000000 3.527 70.7307 65.8984 68.3146 14.9563 84.9564 0.246259 4.08929 123 87 3603 7.2887 291548 0 0
 558.000000 3.5284 68.3455 65.9851 67.1653 32.0502 84.9519 0.246227 4.08929 123 87 3603 8.06291 322517 0 0
 559.000000 3.52988 65.2339 65.2115 65.2227 44.966 84.9473 0.246225 4.08929 123 87 3603 8.92962 357185 0 0
 560.000000 3.50859 62.751 59.8776 61.3143 43.0783 84.9428 0.246108 4.08929 123 87 3603 0.737536 29501.5 0 0
 561.000000 3.48453 59.7974 60.5145 60.1559 45.7219 84.9383 0.246653 4.08929 124 80 5423 0 0 0 0
 562.000000 3.4865 61.095 61.0705 61.0827 58.5814 84.9338 0.246169 4.08929 123 79 5423 0 0 0 0
 563.000000 3.49326 55.9067 55.3551 55.6309 18.4045 84.9293 0.246066 4.08929 123 79 5423 0 0 0 0
 564.000000 3.4902 61.2515 58.3385 59.795 59.2565 84.9248 0.246195 4.08929 123 79 5423 0 0 0 0
 565.000000 3.51621 60.7092 54.8445 57.7769 50.3133 84.9203 0.245984 4.08929 123 79 5423 2.62801 105120 0 0
 566.000000 3.51547 58.4436 52.3493 55.3965 30.3248 84.9158 0.245884 4.08929 123 79 5423 2.39231 95692.2 0 0
 567.000000 3.50859 53.0203 49.4251 51.2227 -37.0281 84.9114 0.246022 4.08929 123 74 2841 0.738411 29536.4 0 0
 568.000000 3.51058 51.4073 48.7945 50.1009 -38.1654 84.9069 0.245822 4.08929 123 74 2841 1.11909 44763.5 0 0
 569.000000 3.51429 50.4362 49.6514 50.0438 -22.9028 84.9025 0.245652 4.08929 123 74 2841 2.04137 81654.8 0 0
 570.000000 3.51038 54.5466 51.9881 53.2673 14.087 84.898 0.24554 4.08929 123 74 2841 1.07688 43075.1 0 0
 571.000000 3.53673 54.3496 51.7228 53.0362 15.0794 84.8936 0.245394 4.08929 123 74 2841 13.4941 539764 0 0
 572.000000 3.47453 58.6291 52.6556 55.6424 51.0927 84.8892 0.245374 4.08929 123 74 2841 0 0 0 0
 573.000000 3.39145 56.9851 54.1016 55.5433 26.2734 84.8847 0.245493 4.08929 123 74 2841 0 0 0 0
 574.000000 3.2861 52.4126 51.3776 51.8951 -29.8685 84.8803 0.245485 4.08929 123 74 2841 0 0 0 0
 575.000000 3.23896 56.3889 53.0622 54.7256 13.3278 84.8759 0.245477 4.08929 123 74 2841 0 0 0 0
 576.000000 3.20181 57.356 56.7409 57.0484 34.4095 84.8715 0.245466 4.08929 123 74 2841 0 0 0 0
 577.000000 3.19284 60.5482 58.2765 59.4124 39.6674 84.8671 0.245701 4.08929 123 74 2841 0 0 0 0
 578.000000 3.19048 65.9345 65.9551 65.9448 27.477 84.8628 0.245931 4.08929 123 104 5457 0 0 0 0
 579.000000 3.21167 65.7237 61.6763 63.7 40.8939 84.8584 0.246287 4.08929 124 105 5457 0 0 0 0
 580.000000 3.22198 68.2652 63.5341 65.8996 39.0839 84.854 0.246538 4.08929 124 105 5457 0 0 0 0
 581.000000 3.23675 68.2353 61.6616 64.9485 49.1169 84.8497 0.246818 4.08929 124 105 5457 0 0 0 0
 582.000000 3.25505 62.7565 61.779 62.2678 50.3396 84.8453 0.246923 4.08929 124 105 5457 0 0 0 0
 583.000000 3.23564 63.6452 59.7104 61.6778 56.8505 84.841 0.24697 4.08929 124 105 5457 0 0 0 0
 584.000000 3.19586 63.6778 60.2278 61.9528 62.5572 84.8366 0.247114 4.08929 124 105 5457 0 0 0 0
 585.000000 3.19776 62.5729 55.5049 59.0389 53.8017 84.8323 0.247256 4.08929 124 105 5457 0 0 0 0
 586.000000 3.20004 59.8506 55.541 57.6958 55.9962 84.828 0.247359 4.0893 124 105 5457 0 0 0 0
 587.000000 3.19777 52.4932 53.1305 52.8118 -1.63568 84.8237 0.247409 4.0893 124 101 4587 0 0 0 0
 588.000000 3.15725 55.5772 53.6738 54.6255 21.427 84.8194 0.247206 4.0893 125 102 4587 0 0 0 0
 589.000000 3.13235 54.3218 53.6791 54.0005 18.1523 84.8151 0.247039 4.0893 125 102 4587 0 0 0 0
 590.000000 3.09705 59.7538 57.8391 58.7964 44.5498 84.8108 0.247003 4.0893 125 102 4587 0 0 0 0
 591.000000 3.06348 59.6232 56.7894 58.2063 46.1937 84.8065 0.246911 4.0893 125 102 4587 0 0 0 0
 592.000000 3.03879 60.3465 56.8196 58.5831 54.2755 84.8022 0.246874 4.0893 125 102 4587 0 0 0 0
 593.000000 3.03001 63.95 60.3092 62.1296 60.4519 84.798 0.246849 4.0893 125 102 4587 0 0 0 0
 594.000000 3.0447 62.3721 63.596 62.984 66.3503 84.7937 0.24692 4.0893 125 115 3654 0 0 0 0
 595.000000 3.02879 60.3672 57.3571 58.8622 63.4181 84.7895 0.246924 4.08931 125 115 3654 0 0 0 0
 596.000000 2.99963 65.3152 57.2407 61.2779 73.0414 84.7853 0.246981 4.08943 125 115 3654 0 0 0 0
 597.000000 2.9807 66.7958 56.1384 61.4671 79.6088 84.7816 0.247109 4.09118 125 115 3654 0 0 0 0
 598.000000 2.93901 70.478 65.9609 68.2195 35.4464 84.7773 0.247255 4.09118 125 118 2186 0 0 0 0
 599.000000 2.93359 68.3194 65.7832 67.0513 56.7479 84.7731 0.247549 4.09118 125 118 2186 0 0 0 0
 600.000000 3.00282 69.8752 65.2134 67.5443 48.0325 84.7689 0.247521 4.09118 125 118 2186 0 0 0 0
 601.000000 3.04523 73.2612 66.8166 70.0389 11.3357 84.7647 0.247146 4.09118 126 119 2186 0 0 0 0
 602.000000 3.07869 70.7624 68.1971 69.4797 20.6297 84.7605 0.24727 4.09118 126 119 2186 0 0 0 0
 603.000000 3.11263 75.6789 69.9694 72.8242 -30.2056 84.7563 0.247334 4.09118 126 119 2186 0 0 0 0
 604.000000 3.17024 71.9575 69.5594 70.7584 -1.97746 84.7521 0.24752 4.09118 126 119 2186 0 0 0 0
 605.000000 3.16277 70.636 70.9386 70.7873 10.8043 84.7479 0.247712 4.09118 126 119 2186 0 0 0 0
 606.000000 3.18271 75.216 71.2926 73.2543 -19.1494 84.7437 0.247654 4.09118 126 119 2186 0 0 0 0
 607.000000 3.23876 72.9553 69.757 71.3562 9.75676 84.7396 0.24756 4.09118 126 119 2186 0 0 0 0
 608.000000 3.32955 69.6343 68.871 69.2526 10.4408 84.7354 0.247085 4.09118 127 120 2186 0 0 0 0
 609.000000 3.3761 73.2019 72.1665 72.6842 -29.156 84.7312 0.247071 4.09118 127 90 5217 0 0 0 0
 610.000000 3.41774 71.2965 70.6606 70.9786 -1.57364 84.7271 0.247248 4.09118 127 90 5217 0 0 0 0
 611.000000 3.4388 68.8298 69.1377 68.9838 31.6673 84.723 0.247577 4.09118 127 90 5217 0 0 0 0
 612.000000 3.46031 77.7811 72.8767 75.3289 -61.5458 84.7188 0.247391 4.09118 127 90 5217 0 0 0 0
 613.000000 3.51545 73.3564 72.8765 73.1164 -33.5238 84.7147 0.246126 4.09118 128 91 5217 2.38662 95464.8 0 0
 614.000000 3.54527 69.1307 74.2893 71.71 -14.8519 84.7106 0.247054 4.09118 127 90 5217 20.4965 819861 0 0
 615.000000 3.51926 72.2466 69.9814 71.114 20.8877 84.7065 0.246978 4.09118 127 90 5217 3.7083 148332 0 0
 616.000000 3.51229 67.0947 69.0666 68.0806 46.2202 84.7024 0.247004 4.09118 127 90 5217 1.50954 60381.5 0 0
 617.000000 3.52768 68.0376 65.1087 66.5731 50.1247 84.6983 0.246931 4.09118 127 90 5217 7.6593 306372 0 0
 618.000000 3.53024 67.2881 63.5187 65.4034 54.5367 84.6942 0.246845 4.09118 127 90 5217 9.14318 365727 0 0
 619.000000 3.48756 63.1098 65.5332 64.3215 69.352 84.6901 0.247027 4.09121 127 90 5217 0 0 0 0
 620.000000 3.50878 63.338 61.7375 62.5377 69.6281 84.686 0.246949 4.09124 127 82 5465 0.770551 30822.1 0 0
 621.000000 3.52244 57.9025 61.4523 59.6774 60.6335 84.682 0.246951 4.09124 127 82 5465 5.03469 201388 0 0
 622.000000 3.50598 60.1173 63.555 61.8362 76.9734 84.6781 0.246846 4.09185 127 82 5465 0.357881 14315.3 0 0
 623.000000 3.49867 66.6049 65.2244 65.9147 76.6714 84.6742 0.246849 4.09238 127 82 5465 0 0 0 0
 624.000000 3.52575 66.2922 63.5041 64.8982 76.617 84.6703 0.246818 4.09291 127 82 5465 6.62874 265150 0 0
 625.000000 3.54689 64.7344 61.5764 63.1554 70.5945 84.6663 0.246753 4.09296 127 82 5465 21.9895 879582 0 0
 626.000000 3.56052 65.39 62.1395 63.7648 67.6429 84.6622 0.248003 4.09297 128 83 5465 36.6295 1.46518e+06 0 0
 627.000000 3.49645 60.6433 59.731 60.1872 78.6806 84.6586 0.248026 4.09418 128 83 5465 0 0 0 0
 628.000000 3.43049 68.2117 65.8094 67.0106 66.9533 84.6545 0.248378 4.09419 128 83 5465 0 0 0 0
 629.000000 3.36663 62.3889 59.3271 60.858 49.115 84.6505 0.248295 4.09419 128 83 5465 0 0 0 0
 630.000000 3.31315 67.3866 61.1983 64.2925 49.814 84.6465 0.248413 4.09419 128 83 5465 0 0 0 0
 631.000000 3.30964 66.649 64.3107 65.4798 52.5272 84.6425 0.248478 4.09419 128 83 5465 0 0 0 0
 632.000000 3.30603 68.5299 68.784 68.657 28.394 84.6385 0.248565 4.09419 128 96 5953 0 0 0 0
 633.000000 3.31962 70.0072 66.9809 68.494 38.3461 84.6345 0.248619 4.09419 128 96 5953 0 0 0 0
 634.000000 3.31528 69.046 66.4568 67.7514 50.7822 84.6305 0.248778 4.09419 128 96 5953 0 0 0 0
 635.000000 3.33259 67.6744 62.0835 64.879 63.8426 84.6265 0.248882 4.09419 128 96 5953 0 0 0 0
 636.000000 3.33698 63.3786 59.8551 61.6168 56.6217 84.6225 0.248933 4.09419 128 96 5953 0 0 0 0
 637.000000 3.34547 64.3409 63.4011 63.871 68.8959 84.6186 0.249163 4.09421 128 96 5953 0 0 0 0
 638.000000 3.34447 63.225 58.3152 60.7701 61.8944 84.6146 0.249103 4.09422 128 95 3231 0 0 0 0
 639.000000 3.33399 61.1661 59.0953 60.1307 63.1374 84.6107 0.249038 4.09422 128 95 3231 0 0 0 0
 640.000000 3.38821 60.7341 55.6542 58.1941 48.7362 84.6067 0.249583 4.09422 129 96 3231 0 0 0 0
 641.000000 3.34414 58.2127 52.3929 55.3028 18.9829 84.6028 0.249541 4.09422 129 89 1312 0 0 0 0
 642.000000 3.33083 57.4529 56.1879 56.8204 41.1824 84.5988 0.249832 4.09422 129 89 1312 0 0 0 0
 643.000000 3.33191 60.5876 55.8808 58.2342 59.253 84.5949 0.250133 4.09422 129 89 1312 0 0 0 0
 644.000000 3.32534 56.7966 56.8789 56.8377 55.7217 84.591 0.250408 4.09422 129 89 1312 0 0 0 0
 645.000000 3.32775 53.4871 49.8872 51.6871 -21.3454 84.5871 0.249345 4.09422 130 90 1312 0 0 0 0
 646.000000 3.40183 50.7717 48.3583 49.565 -47.8644 84.5832 0.247891 4.09422 131 91 1312 0 0 0 0
 647.000000 3.39126 48.0628 45.8307 46.9468 -79.6446 84.5792 0.246099 4.09422 132 87 3255 0 0 0 0
 648.000000 3.32276 55.6511 49.1978 52.4245 6.6245 84.5753 0.246255 4.09422 132 87 3255 0 0 0 0
 649.000000 3.36067 55.3821 51.526 53.4541 24.5302 84.5715 0.246445 4.09422 132 87 3255 0 0 0 0
 650.000000 3.45787 52.2361 52.5204 52.3783 17.8504 84.5676 0.246522 4.09422 132 87 3255 0 0 0 0
 651.000000 3.45035 57.9262 52.9188 55.4225 55.4922 84.5637 0.247336 4.09422 133 88 3255 0 0 0 0
 652.000000 3.43934 61.5734 56.1504 58.8619 75.8531 84.5599 0.247721 4.09461 133 91 2387 0 0 0 0
 653.000000 3.42838 61.9521 61.5064 61.7292 85.2281 84.5611 0.247979 4.11118 133 91 2387 0 0 0 0
 654.000000 3.38585 65.5029 63.1493 64.3261 80.1238 84.5579 0.24796 4.11333 133 98 1180 0 0 0 0
 655.000000 3.35942 64.7926 60.8359 62.8143 82.0485 84.5555 0.248078 4.11798 133 98 1180 0 0 0 0
 656.000000 3.35594 63.6691 64.1615 63.9153 87.0637 84.5621 0.248158 4.15254 133 98 1180 0 0 0 0
 657.000000 3.35344 65.7729 59.6557 62.7143 90.7862 84.6045 0.248311 4.30314 133 98 1180 0 0 0 0
 658.000000 3.32116 71.1782 65.3981 68.2881 54.2122 84.6007 0.248337 4.30314 133 98 1180 0 0 0 0
 659.000000 3.29987 70.9794 67.6414 69.3104 47.5574 84.5968 0.248279 4.30314 133 98 1180 0 0 0 0
 660.000000 3.281 71.04 72.1554 71.5977 18.075 84.593 0.248303 4.30314 133 100 2721 0 0 0 0
 661.000000 3.24451 68.5351 64.0769 66.306 61.1925 84.5892 0.248486 4.30314 133 100 2721 0 0 0 0
 662.000000 3.19086 69.3907 66.7357 68.0632 42.5176 84.5854 0.248488 4.30314 133 100 2721 0 0 0 0
 663.000000 3.13536 68.8556 64.7134 66.7845 45.4597 84.5816 0.248636 4.30314 133 100 2721 0 0 0 0
 664.000000 3.10727 71.4448 69.2615 70.3531 28.2641 84.5778 0.248468 4.30314 132 99 2721 0 0 0 0
 665.000000 3.08755 68.4057 66.1804 67.2931 50.2155 84.574 0.249127 4.30314 133 100 2721 0 0 0 0
 666.000000 3.06834 70.2881 67.7741 69.0311 48.7612 84.5702 0.249256 4.30314 133 100 2721 0 0 0 0
 667.000000 3.02284 73.0782 71.1403 72.1093 7.18966 84.5664 0.249312 4.30314 133 100 2721 0 0 0 0
 668.000000 3.00857 74.1377 69.3498 71.7437 20.2392 84.5626 0.249369 4.30314 133 100 2721 0 0 0 0
 669.000000 2.99165 67.6582 65.7895 66.7239 59.8253 84.5588 0.249541 4.30315 133 100 2721 0 0 0 0
 670.000000 3.0319 64.3294 64.573 64.4512 68.715 84.555 0.249677 4.30317 133 100 2721 0 0 0 0
 671.000000 3.01392 65.4608 64.043 64.7519 74.568 84.5514 0.249814 4.30341 133 100 2721 0 0 0 0
 672.000000 3.0338 64.8914 59.8008 62.3461 79.0144 84.548 0.249799 4.30482 133 123 6215 0 0 0 0
 673.000000 3.04922 68.5088 64.9604 66.7346 70.2784 84.5443 0.250065 4.30486 133 123 6215 0 0 0 0
 674.000000 3.02152 71.3496 66.7159 69.0328 59.6097 84.5405 0.250236 4.30486 133 123 604 0 0 0 0
 675.000000 3.03016 73.6033 72.2287 72.916 13.7947 84.5368 0.250207 4.30486 133 123 604 0 0 0 0
 676.000000 2.99841 72.6971 67.5256 70.1113 52.4503 84.533 0.250418 4.30486 133 123 604 0 0 0 0
 677.000000 2.94822 69.7253 64.7745 67.2499 71.9454 84.5293 0.250534 4.30494 133 123 604 0 0 0 0
 678.000000 2.89516 73.7082 71.4071 72.5577 -5.59132 84.5256 0.250714 4.30494 133 123 604 0 0 0 0
 679.000000 2.85605 72.3799 73.1099 72.7449 -8.5661 84.5219 0.250641 4.30494 133 123 604 0 0 0 0
 680.000000 2.82444 71.8208 71.9097 71.8652 5.70824 84.5182 0.250623 4.30494 133 123 604 0 0 0 0
 681.000000 2.79471 70.9959 68.886 69.941 21.2005 84.5145 0.250583 4.30494 133 123 604 0 0 0 0
 682.000000 2.76464 70.0838 65.8436 67.9637 43.1454 84.5108 0.250592 4.30494 133 123 604 0 0 0 0
 683.000000 2.75239 72.5112 72.9522 72.7317 -15.4157 84.5071 0.249598 4.30494 134 124 604 0 0 0 0
 684.000000 2.70707 74.8833 75.1453 75.0143 -62.1795 84.5034 0.247981 4.30494 135 125 604 0 0 0 0
 685.000000 2.7037 71.7196 70.7982 71.2589 12.3068 84.4997 0.247952 4.30494 135 125 604 0 0 0 0
 686.000000 2.69292 71.8141 67.3118 69.563 36.8535 84.496 0.248077 4.30494 135 125 604 0 0 0 0
 687.000000 2.70999 65.473 66.2581 65.8655 63.4297 84.4923 0.248256 4.30494 135 125 604 0 0 0 0
 688.000000 2.71011 68.3517 67.2798 67.8157 56.7439 84.4886 0.248368 4.30494 135 125 604 0 0 0 0
 689.000000 2.69254 69.2301 71.7636 70.4969 40.0756 84.485 0.248392 4.30494 135 125 604 0 0 0 0
 690.000000 2.69316 73.2102 70.8207 72.0154 24.937 84.4813 0.248468 4.30494 135 125 604 0 0 0 0
 691.000000 2.70001 74.9795 75.0428 75.0112 -36.5196 84.4777 0.248391 4.30494 135 124 8679 0 0 0 0
 692.000000 2.72818 75.7101 74.2568 74.9835 -23.8981 84.474 0.248339 4.30494 135 124 8679 0 0 0 0
 693.000000 2.78352 68.4718 69.0073 68.7395 53.9533 84.4704 0.248478 4.30494 135 124 8679 0 0 0 0
 694.000000 2.83117 64.5317 67.9931 66.2624 71.3685 84.4668 0.248446 4.30501 135 124 8679 0 0 0 0
 695.000000 2.79989 71.8027 67.5398 69.6712 51.9155 84.4631 0.248508 4.30501 135 124 8679 0 0 0 0
 696.000000 2.82462 68.6086 69.0873 68.848 62.012 84.4595 0.248611 4.30501 135 124 8679 0 0 0 0
 697.000000 2.85437 66.9039 67.0308 66.9674 75.1547 84.456 0.248648 4.30531 135 124 8679 0 0 0 0
 698.000000 2.88395 60.3914 64.9801 62.6857 80.4913 84.4531 0.24862 4.30786 135 131 3587 0 0 0 0
 699.000000 2.86714 61.6193 66.1966 63.908 85.2251 84.4544 0.248756 4.32482 135 131 3587 0 0 0 0
 700.000000 2.8512 66.1198 61.7292 63.9245 89.4854 84.4778 0.24891 4.41715 135 131 3587 0 0 0 0
 701.000000 2.83419 65.0795 65.8044 65.442 90.295 84.511 0.24891 4.54518 135 131 3587 0 0 0 0
 702.000000 2.84191 65.7119 66.414 66.063 92.3142 84.5883 0.248881 4.82585 135 131 3587 0 0 0 0
 703.000000 2.88351 63.5905 61.4172 62.5038 93.9128 84.7313 0.248839 5.33362 135 131 3587 0 0 0 0
 704.000000 2.92881 59.2038 59.9962 59.6 71.4359 84.7278 0.248916 5.3337 135 131 3587 0 0 0 0
 705.000000 3.01582 53.4262 56.8708 55.1485 22.8757 84.7242 0.248816 5.3337 135 130 3263 0 0 0 0
 706.000000 3.03988 55.6881 56.9879 56.338 38.972 84.7206 0.248867 5.3337 135 130 3263 0 0 0 0
 707.000000 3.06386 59.5177 56.9999 58.2588 58.9083 84.717 0.248771 5.3337 135 130 3263 0 0 0 0
 708.000000 3.04849 60.6851 59.5418 60.1134 72.8167 84.7135 0.248808 5.33383 135 130 3263 0 0 0 0
 709.000000 3.04358 65.8648 62.7915 64.3281 80.5582 84.7106 0.248925 5.33671 135 125 2104 0 0 0 0
 710.000000 3.07606 68.1162 66.0022 67.0592 74.7567 84.7071 0.248981 5.33699 135 125 2104 0 0 0 0
 711.000000 3.12568 65.1854 59.3954 62.2904 66.8628 84.7036 0.250178 5.337 136 126 2104 0 0 0 0
 712.000000 3.16103 63.3759 59.974 61.675 63.5521 84.7 0.250096 5.337 136 126 2104 0 0 0 0
 713.000000 3.17171 60.8901 55.3944 58.1423 56.5396 84.6965 0.250212 5.337 136 116 2236 0 0 0 0
 714.000000 3.19209 60.1692 55.7107 57.94 63.9062 84.693 0.250265 5.33701 136 116 2236 0 0 0 0
 715.000000 3.18121 62.2451 60.2975 61.2713 68.6782 84.6894 0.250324 5.33703 136 116 2236 0 0 0 0
 716.000000 3.17168 64.3212 63.1462 63.7337 69.0969 84.6859 0.250443 5.33706 136 116 2236 0 0 0 0
 717.000000 3.18421 68.2378 59.0505 63.6441 74.1457 84.6825 0.250541 5.33728 136 116 1861 0 0 0 0
 718.000000 3.16783 69.3669 61.3792 65.3731 70.5183 84.679 0.250832 5.33733 136 116 1861 0 0 0 0
 719.000000 3.19042 66.1423 60.5839 63.3631 82.0361 84.6767 0.250952 5.34254 136 116 1861 0 0 0 0
 720.000000 3.17663 62.5844 58.6126 60.5985 77.2981 84.6733 0.249897 5.34332 135 115 1861 0 0 0 0
 721.000000 3.18437 57.7639 59.2455 58.5047 75.595 84.6699 0.249934 5.34371 135 115 2227 0 0 0 0
 722.000000 3.1533 60.5987 61.7433 61.171 90.497 84.7023 0.250031 5.49367 135 115 2227 0 0 0 0
 723.000000 3.14191 58.6957 58.5274 58.6116 79.4157 84.6993 0.250141 5.49551 135 115 2227 0 0 0 0
 724.000000 3.16141 57.5907 62.8468 60.2187 93.8969 84.8314 0.250288 6.02335 135 115 2227 0 0 0 0
 725.000000 3.1841 57.0058 61.3892 59.1975 93.9176 84.9575 0.250394 6.57052 135 115 2227 0 0 0 0
 726.000000 3.17071 51.1471 52.5881 51.8676 -9.62929 84.9541 0.250645 6.57052 135 110 2312 0 0 0 0
 727.000000 3.13348 54.2622 53.1606 53.7114 18.8745 84.9506 0.250584 6.57052 135 110 2312 0 0 0 0
 728.000000 3.10841 56.341 54.586 55.4635 44.2088 84.9471 0.250701 6.57052 135 110 2312 0 0 0 0
 729.000000 3.08153 47.6477 46.7849 47.2163 -76.4711 84.9437 0.250488 6.57052 135 110 2312 0 0 0 0
 730.000000 3.08966 50.0845 51.5328 50.8086 -17.7497 84.9402 0.250462 6.57052 135 110 2312 0 0 0 0
 731.000000 3.04525 46.3517 49.2235 47.7876 -48.1008 84.9367 0.250388 6.57052 135 110 2312 0 0 0 0
 732.000000 3.00109 53.6707 52.7912 53.2309 22.0856 84.9333 0.250361 6.57052 135 110 2312 0 0 0 0
 733.000000 2.98634 58.9102 57.2891 58.0996 67.6147 84.9299 0.250319 6.57053 135 110 2312 0 0 0 0
 734.000000 2.96202 57.6311 55.285 56.4581 58.0694 84.9264 0.251223 6.57053 136 111 2312 0 0 0 0
 735.000000 2.96832 59.3382 60.4586 59.8984 80.1733 84.9235 0.251286 6.57322 136 130 4481 0 0 0 0
 736.000000 2.96943 61.6768 61.7255 61.7012 87.6815 84.9304 0.251377 6.62722 136 130 4481 0 0 0 0
 737.000000 2.9734 60.1517 59.5819 59.8668 88.6417 84.9421 0.251446 6.70643 136 130 4481 0 0 0 0
 738.000000 2.95219 60.872 57.6675 59.2698 89.6947 84.9616 0.251444 6.82679 136 130 4481 0 0 0 0
 739.000000 2.93438 63.3034 58.5636 60.9335 95.6141 85.1915 0.251608 7.72417 136 130 4481 0 0 0 0
 740.000000 2.94269 66.7427 62.1303 64.4365 91.9403 85.2386 0.251629 8.01769 136 130 4481 0 0 0 0
 741.000000 2.97209 64.8476 63.2573 64.0524 95.1747 85.4118 0.25167 8.85514 136 130 4481 0 0 0 0
 742.000000 2.94277 70.8524 65.979 68.4157 67.3503 85.4084 0.251682 8.85515 136 129 3441 0 0 0 0
 743.000000 2.92253 69.1305 65.1036 67.1171 82.9949 85.4063 0.251862 8.8643 136 129 3441 0 0 0 0
 744.000000 2.91649 74.1473 67.3559 70.7516 45.213 85.4029 0.25184 8.8643 136 129 3441 0 0 0 0
 745.000000 2.92951 73.22 71.7054 72.4627 26.392 85.3995 0.251934 8.8643 137 127 1685 0 0 0 0
 746.000000 2.92081 71.0238 68.2135 69.6186 66.9281 85.3961 0.252135 8.86432 137 127 1685 0 0 0 0
 747.000000 2.9221 71.5419 66.0443 68.7931 79.3193 85.393 0.252267 8.86642 137 127 1685 0 0 0 0
 748.000000 2.93908 67.8048 66.3587 67.0818 93.8647 85.4885 0.252381 9.46038 137 127 1685 0 0 0 0
 749.000000 2.95501 67.106 63.6371 65.3716 100.377 86.5435 0.252391 6.06784 137 127 1685 0 0 0 0
 750.000000 2.96585 67.0853 63.0939 65.0896 103.587 88.5654 0.252382 2.92704 137 127 1685 0 0 0 0
 751.000000 3.0185 65.2553 61.4779 63.3666 99.1958 88.7898 0.252576 3.42191 137 128 3047 0 0 0 0
 752.000000 3.05598 66.6073 64.6345 65.6209 90.3143 88.7926 0.252713 3.43883 137 128 3047 0 0 0 0
 753.000000 3.10526 64.3788 60.8489 62.6139 96.0687 88.8505 0.252861 3.6042 137 128 3047 0 0 0 0
 754.000000 3.129 68.2817 66.1447 67.2132 66.8983 88.8472 0.253051 3.6042 137 128 3047 0 0 0 0
 755.000000 3.10686 70.5265 67.0539 68.7902 63.2332 88.8438 0.253142 3.6042 137 121 1737 0 0 0 0
 756.000000 3.09189 67.9581 64.0615 66.0098 88.9409 88.8439 0.253295 3.61421 137 121 1737 0 0 0 0
 757.000000 3.09698 66.1649 66.0934 66.1292 91.8684 88.8518 0.253465 3.64651 137 121 1737 0 0 0 0
 758.000000 3.11211 66.6863 62.8077 64.747 97.3297 88.9462 0.253535 3.92093 137 121 1737 0 0 0 0
 759.000000 3.14137 69.9092 67.3629 68.6361 65.4575 88.9429 0.253688 3.92093 137 121 1737 0 0 0 0
 760.000000 3.21261 68.6972 66.9309 67.814 63.6443 88.9396 0.253638 3.92093 137 121 1737 0 0 0 0
 761.000000 3.23957 73.4236 71.7667 72.5952 3.0032 88.9362 0.253533 3.92093 137 121 1737 0 0 0 0
 762.000000 3.26169 76.4198 74.18 75.2999 -55.8676 88.9329 0.251975 3.92093 138 122 1737 0 0 0 0
 763.000000 3.26811 78.4763 73.9508 76.2135 -58.4938 88.9296 0.251744 3.92093 138 122 1737 0 0 0 0
 764.000000 3.32941 74.9828 70.7848 72.8838 -2.30373 88.9263 0.251691 3.92093 138 122 1737 0 0 0 0
 765.000000 3.4001 72.4851 68.1631 70.3241 23.0938 88.923 0.251563 3.92093 139 123 1737 0 0 0 0
 766.000000 3.40684 71.0214 68.0323 69.5268 38.4865 88.9197 0.251758 3.92093 139 123 1737 0 0 0 0
 767.000000 3.37107 68.3419 65.8396 67.0908 62.7495 88.9165 0.25185 3.92093 139 123 1737 0 0 0 0
 768.000000 3.32402 69.3817 63.926 66.6538 70.6731 88.9132 0.252076 3.92094 139 123 1737 0 0 0 0
 769.000000 3.32688 64.5912 60.9114 62.7513 78.1539 88.9099 0.252208 3.92107 139 123 1737 0 0 0 0
 770.000000 3.33244 65.807 66.0599 65.9334 81.035 88.9068 0.252301 3.92151 139 123 1737 0 0 0 0
 771.000000 3.3588 67.2605 63.2487 65.2546 87.7965 88.9056 0.25243 3.9281 139 123 1737 0 0 0 0
 772.000000 3.35728 61.151 61.94 61.5455 80.8094 88.9025 0.25249 3.9285 139 106 8561 0 0 0 0
 773.000000 3.34267 62.5383 55.6632 59.1008 69.181 88.8992 0.252715 3.9285 139 106 8561 0 0 0 0
 774.000000 3.30099 62.1224 61.1657 61.644 84.6587 88.8966 0.252874 3.93038 139 106 8561 0 0 0 0
 775.000000 3.26351 65.648 63.342 64.495 86.1511 88.8944 0.252981 3.93379 139 106 8561 0 0 0 0
 776.000000 3.21012 70.098 64.3318 67.2149 77.2338 88.8912 0.252922 3.93389 139 117 2239 0 0 0 0
 777.000000 3.19592 69.9725 64.3539 67.1632 82.9929 88.8882 0.252867 3.93485 139 117 2239 0 0 0 0
 778.000000 3.1976 67.0777 61.9454 64.5115 92.9022 88.9011 0.252883 3.98551 139 117 2239 0 0 0 0
 779.000000 3.21 61.2877 59.758 60.5228 96.0633 88.9545 0.252897 4.16171 139 118 1462 0 0 0 0
 780.000000 3.22997 64.3437 57.7307 61.0372 98.6913 89.1067 0.252897 4.6344 139 118 1462 0 0 0 0
 781.000000 3.23621 67.7584 62.4269 65.0927 94.6935 89.1336 0.253103 4.74459 139 118 1462 0 0 0 0
 782.000000 3.28091 64.2507 58.0348 61.1428 95.4863 89.1713 0.253279 4.89626 139 118 1462 0 0 0 0
 783.000000 3.32144 64.7655 61.0093 62.8874 99.1355 89.3372 0.253477 5.47551 139 118 1462 0 0 0 0
 784.000000 3.3525 59.669 58.3973 59.0331 76.2642 89.334 0.25358 5.47558 139 118 1462 0 0 0 0
 785.000000 3.37143 55.3963 52.1821 53.7892 26.2272 89.3308 0.253763 5.47558 139 99 2889 0 0 0 0
 786.000000 3.37681 57.7766 56.965 57.3708 61.517 89.3276 0.253702 5.47558 139 99 2889 0 0 0 0
 787.000000 3.39762 60.1969 53.4735 56.8352 62.0095 89.3244 0.253976 5.47558 139 99 2889 0 0 0 0
 788.000000 3.41327 63.0656 57.9377 60.5016 83.0484 89.3214 0.255861 5.47672 140 100 2889 0 0 0 0
 789.000000 3.44783 59.4187 57.8974 58.6581 73.0659 89.3182 0.256158 5.47674 140 100 2889 0 0 0 0
 790.000000 3.4883 60.9674 54.5967 57.782 69.7371 89.3151 0.256137 5.47674 140 100 2889 0 0 0 0
 791.000000 3.51774 60.7229 54.6528 57.6878 64.9146 89.3119 0.256006 5.47674 140 100 2889 3.14634 125853 0 0
 792.000000 3.52102 62.5574 59.0687 60.8131 75.2703 89.3087 0.256003 5.47679 140 100 2889 4.4179 176716 0 0
 793.000000 3.5115 60.2496 58.5736 59.4116 80.087 89.3056 0.256055 5.47714 140 92 3701 1.32139 52855.7 0 0
 794.000000 3.50441 60.5993 57.3747 58.987 86.1019 89.3033 0.256056 5.481 140 92 3701 0.194317 7772.7 0 0
 795.000000 3.54133 63.2266 62.3174 62.772 71.753 89.3001 0.25524 5.48101 139 91 3701 17.0855 683420 0 0
 796.000000 3.52896 65.9618 64.8003 65.381 67.5359 89.297 0.255127 5.48101 139 91 3701 8.38714 335486 0 0
 797.000000 3.52199 68.7154 65.5532 67.1343 59.0243 89.2938 0.25512 5.48101 139 91 3701 4.83738 193495 0 0
 798.000000 3.52629 70.2724 68.6948 69.4836 30.8172 89.2906 0.255018 5.48101 139 93 2451 6.90904 276362 0 0
 799.000000 3.54402 70.1932 67.2718 68.7325 39.4628 89.2875 0.254926 5.48101 139 93 2451 19.3785 775141 0 0
 800.000000 3.50845 72.3688 70.4876 71.4282 21.1244 89.2843 0.254873 5.48101 139 93 2451 0.713688 28547.5 0 0
 801.000000 3.52242 76.2455 72.3555 74.3005 -34.9393 89.2812 0.253667 5.48101 140 87 1778 5.02451 200981 0 0
 802.000000 3.52818 74.6463 72.3277 73.487 -7.79558 89.278 0.25379 5.48101 140 87 1778 7.94136 317655 0 0
 803.000000 3.49778 72.517 70.8093 71.6631 33.0674 89.2749 0.253809 5.48101 140 87 1778 0 0 0 0
 804.000000 3.51198 68.3887 67.3138 67.8513 68.7242 89.2718 0.253868 5.48102 140 87 1778 1.4356 57424 0 0
 805.000000 3.51219 67.8969 65.3229 66.6099 80.7055 89.2687 0.253845 5.48146 140 87 1778 1.48478 59391.4 0 0
 806.000000 3.5023 71.2293 66.7731 69.0012 67.8805 89.2656 0.253858 5.48146 140 87 1778 0.0530537 2122.15 0 0
 807.000000 3.51778 66.4258 62.1807 64.3033 86.8705 89.2637 0.253846 5.48672 140 94 3186 3.1601 126404 0 0
 808.000000 3.50808 67.1236 61.5427 64.3332 93.9169 89.2806 0.253851 5.57379 140 94 3186 0.652155 26086.2 0 0
 809.000000 3.52274 64.5089 62.863 63.686 94.8837 89.3068 0.253814 5.70185 140 94 3186 5.17271 206908 0 0
 810.000000 3.48369 68.0518 64.7199 66.3858 95.5356 89.3413 0.253851 5.86841 140 94 3186 0 0 0 0
 811.000000 3.44472 68.6666 63.6597 66.1632 91.989 89.3471 0.254028 5.91034 140 94 3186 0 0 0 0
 812.000000 3.4072 69.1587 68.0717 68.6152 62.6484 89.344 0.254106 5.91034 140 94 3186 0 0 0 0
 813.000000 3.36905 70.4322 69.9223 70.1773 42.0307 89.3409 0.254091 5.91034 140 94 3186 0 0 0 0
 814.000000 3.35322 74.0707 70.626 72.3483 14.125 89.3378 0.254124 5.91034 140 103 3035 0 0 0 0
 815.000000 3.37644 68.8266 68.8451 68.8358 66.4413 89.3347 0.254249 5.91034 140 103 3035 0 0 0 0
 816.000000 3.38563 68.9026 67.5506 68.2266 77.739 89.3317 0.254328 5.91048 140 103 3035 0 0 0 0
 817.000000 3.38051 74.4502 72.3191 73.3847 4.62911 89.3286 0.254267 5.91048 140 103 3035 0 0 0 0
 818.000000 3.38573 74.8426 70.4196 72.6311 27.5463 89.3255 0.254302 5.91048 140 103 3035 0 0 0 0
 819.000000 3.34728 72.1273 70.5906 71.3589 46.7332 89.3224 0.254498 5.91048 140 103 3035 0 0 0 0
 820.000000 3.34249 73.236 68.9492 71.0926 55.6844 89.3194 0.25473 5.91048 140 103 3035 0 0 0 0
 821.000000 3.30896 71.5631 66.2901 68.9266 70.982 89.3163 0.254747 5.91049 140 103 3035 0 0 0 0
 822.000000 3.24124 73.6486 69.2305 71.4395 36.3534 89.3132 0.254668 5.91049 140 103 3035 0 0 0 0
 823.000000 3.19632 68.901 65.5925 67.2467 84.7946 89.3107 0.254615 5.91286 140 103 3035 0 0 0 0
 824.000000 3.178 71.1043 72.235 71.6696 32.1662 89.3076 0.25457 5.91286 140 103 3035 0 0 0 0
 825.000000 3.15037 77.337 72.826 75.0815 -38.9238 89.3045 0.254274 5.91286 140 103 3035 0 0 0 0
 826.000000 3.11098 73.1964 70.969 72.0827 26.8938 89.3015 0.254459 5.91286 140 103 3035 0 0 0 0
 827.000000 3.10165 70.883 66.5265 68.7048 77.1905 89.2985 0.254543 5.91298 140 103 3035 0 0 0 0
 828.000000 3.139 72.3998 67.4656 69.9327 65.8509 89.2954 0.254519 5.91298 140 103 3035 0 0 0 0
 829.000000 3.16162 74.1311 67.9857 71.0584 57.3765 89.2924 0.254586 5.91298 140 103 3035 0 0 0 0
 830.000000 3.19522 72.9668 66.3639 69.6654 72.5019 89.2894 0.254725 5.91299 140 103 3035 0 0 0 0
 831.000000 3.26077 69.5532 66.3039 67.9285 83.1328 89.2866 0.254863 5.91421 140 103 3035 0 0 0 0
 832.000000 3.24772 70.5787 67.7278 69.1532 79.5765 89.2836 0.256616 5.91451 141 104 3035 0 0 0 0
 833.000000 3.25054 75.251 74.0882 74.6696 -9.77906 89.2806 0.256653 5.91451 141 104 3035 0 0 0 0
 834.000000 3.27985 72.6676 65.927 69.2973 80.1033 89.2776 0.255062 5.91487 140 103 3035 0 0 0 0
 835.000000 3.29466 75.3487 70.3014 72.8251 41.0813 89.2746 0.255082 5.91487 140 103 3035 0 0 0 0
 836.000000 3.26605 78.1157 75.9938 77.0547 -49.5156 89.2716 0.254821 5.91487 140 103 3035 0 0 0 0
 837.000000 3.27494 74.6609 71.7792 73.22 40.6366 89.2686 0.255159 5.91487 141 104 3035 0 0 0 0
 838.000000 3.31994 77.4459 73.425 75.4354 -7.42193 89.2656 0.254454 5.91487 142 105 3035 0 0 0 0
 839.000000 3.39381 77.197 73.9752 75.5861 -29.116 89.2626 0.254475 5.91487 142 105 3035 0 0 0 0
 840.000000 3.47087 74.5236 72.8125 73.6681 13.7399 89.2596 0.254262 5.91487 143 106 3035 0 0 0 0
 841.000000 3.51481 71.3486 70.3648 70.8567 49.2789 89.2566 0.254323 5.91487 143 106 3035 2.19242 87696.9 0 0
 842.000000 3.56891 69.4796 65.2491 67.3643 56.4224 89.2536 0.255079 5.91487 144 107 3035 47.4834 1.89934e+06 0 0
 843.000000 3.53618 72.0375 69.0392 70.5384 49.6116 89.2506 0.255158 5.91487 144 107 3035 13.0905 523619 0 0
 844.000000 3.52142 72.7839 69.8344 71.3091 54.5021 89.2476 0.25518 5.91487 144 107 3035 4.59005 183602 0 0
 845.000000 3.53918 70.6927 66.5575 68.6251 74.0139 89.2447 0.255223 5.9149 144 107 3035 15.3495 613980 0 0
 846.000000 3.50625 69.2725 68.8987 69.0856 86.027 89.2425 0.255288 5.91879 144 107 3035 0.390145 15605.8 0 0
 847.000000 3.51917 68.5291 66.9261 67.7276 96.0984 89.2856 0.255449 6.1289 144 107 3035 3.67589 147036 0 0
 848.000000 3.53108 69.2364 68.1944 68.7154 89.5504 89.2859 0.255497 6.14509 144 107 3035 9.66175 386470 0 0
 849.000000 3.4938 75.9926 77.2539 76.6232 -53.3248 89.2829 0.25414 6.14509 145 108 3035 0 0 0 0
 850.000000 3.47346 74.2995 75.2565 74.778 4.3486 89.28 0.254688 6.14509 144 107 3035 0 0 0 0
 851.000000 3.49957 73.7413 74.9975 74.3694 19.8786 89.277 0.254828 6.14509 144 107 3035 0 0 0 0
 852.000000 3.54571 72.4055 71.3131 71.8593 46.4984 89.2741 0.254772 6.14509 144 107 3035 20.8948 835792 0 0
 853.000000 3.5468 75.943 73.316 74.6295 1.30635 89.2711 0.254642 6.14509 144 107 3035 21.904 876161 0 0
 854.000000 3.53777 72.3124 70.6544 71.4834 64.0581 89.2682 0.254592 6.14509 144 107 3035 14.2662 570648 0 0
 855.000000 3.48172 68.7302 69.0723 68.9013 98.5721 89.3852 0.254714 6.66608 144 107 3035 0 0 0 0
 856.000000 3.441 71.8062 68.172 69.9891 82.7879 89.3824 0.254882 6.6672 144 107 3035 0 0 0 0
 857.000000 3.39528 74.6336 67.9557 71.2947 67.6979 89.3795 0.254883 6.6672 144 107 3035 0 0 0 0
 858.000000 3.40697 70.7588 66.6326 68.6957 88.8001 89.3789 0.254987 6.67962 144 107 3035 0 0 0 0
 859.000000 3.39781 69.1665 62.6824 65.9244 91.0058 89.3816 0.257152 6.7096 145 108 3035 0 0 0 0
 860.000000 3.39257 66.9876 64.7545 65.871 93.7838 89.3957 0.257232 6.79986 145 108 3035 0 0 0 0
 861.000000 3.39547 69.6719 68.1311 68.9015 91.3006 89.3991 0.257365 6.83387 145 108 3035 0 0 0 0
 862.000000 3.4002 62.5776 65.2564 63.917 95.2246 89.4262 0.257501 6.99345 145 108 3035 0 0 0 0
 863.000000 3.41469 61.1131 62.1367 61.6249 90.8048 89.4283 0.25773 7.02174 145 105 24783 0 0 0 0
 864.000000 3.42136 61.0874 60.9696 61.0285 92.426 89.4351 0.257792 7.07572 145 105 24783 0 0 0 0
 865.000000 3.44427 59.5944 60.9112 60.2528 93.1998 89.4453 0.257838 7.14929 145 105 24783 0 0 0 0
 866.000000 3.42105 59.9971 58.6967 59.3469 89.8239 89.4458 0.257921 7.16863 145 105 24783 0 0 0 0
 867.000000 3.38805 62.9245 58.4078 60.6661 98.1126 89.535 0.258135 7.64071 145 105 24783 0 0 0 0
 868.000000 3.33427 63.8667 61.0903 62.4785 98.1882 89.6237 0.2583 8.13572 145 105 24783 0 0 0 0
 869.000000 3.30129 66.3689 63.2971 64.833 97.7909 89.6963 0.258334 8.57749 145 105 24783 0 0 0 0
 870.000000 3.29037 58.2245 55.024 56.6242 56.3101 89.6934 0.258552 8.57749 145 105 24783 0 0 0 0
 871.000000 3.24674 58.8342 51.7727 55.3035 40.3199 89.6905 0.258544 8.57749 145 120 3720 0 0 0 0
 872.000000 3.21561 54.096 50.8079 52.452 4.8701 89.6876 0.258573 8.57749 145 120 3720 0 0 0 0
 873.000000 3.2349 53.9705 47.1362 50.5533 -22.2568 89.6847 0.258844 8.57749 145 111 1199 0 0 0 0
 874.000000 3.26934 52.467 44.7951 48.631 -56.4123 89.6818 0.25856 8.57749 145 111 1199 0 0 0 0
 875.000000 3.31394 49.1112 46.668 47.8896 -57.0052 89.6789 0.257159 8.57749 146 112 1199 0 0 0 0
 876.000000 3.34932 50.1866 48.6863 49.4364 -30.2492 89.6761 0.257293 8.57749 146 112 1199 0 0 0 0
 877.000000 3.39821 52.378 48.8046 50.5913 -12.7153 89.6732 0.257347 8.57749 146 112 1199 0 0 0 0
 878.000000 3.44236 55.0414 50.5961 52.8188 13.3667 89.6703 0.257499 8.57749 146 112 1199 0 0 0 0
 879.000000 3.42076 54.7574 53.3839 54.0706 35.74 89.6675 0.257287 8.57749 146 112 1199 0 0 0 0
 880.000000 3.411 54.1073 51.5658 52.8366 28.8796 89.6646 0.25762 8.57749 146 112 1199 0 0 0 0
 881.000000 3.41926 55.9409 54.8338 55.3874 59.8889 89.6617 0.25774 8.57749 146 112 1199 0 0 0 0
 882.000000 3.43181 60.4833 57.5626 59.0229 94.4022 89.6779 0.257826 8.70506 146 112 1199 0 0 0 0
 883.000000 3.4921 57.4958 56.736 57.1159 76.4017 89.6751 0.257759 8.70515 146 105 4856 0 0 0 0
 884.000000 3.53492 55.2394 55.0258 55.1326 32.5629 89.6722 0.2578 8.70515 147 106 4856 12.1941 487762 0 0
 885.000000 3.52947 54.8054 53.1052 53.9553 27.8713 89.6694 0.257677 8.70515 147 106 4856 8.68627 347451 0 0
 886.000000 3.53783 53.0863 53.8874 53.4869 25.7045 89.6666 0.25778 8.70515 146 93 1543 14.3128 572511 0 0
 887.000000 3.51768 61.1785 58.1907 59.6846 86.9109 89.6647 0.25781 8.71171 146 93 1543 3.12521 125008 0 0
 888.000000 3.54007 61.3743 58.9731 60.1737 79.7725 89.6619 0.259414 8.71209 147 99 955 16.0548 642193 0 0
 889.000000 3.52985 60.8757 61.4955 61.1856 90.8161 89.6635 0.259456 8.74332 147 99 955 8.91139 356456 0 0
 890.000000 3.50822 61.757 64.6925 63.2248 100.288 89.8534 0.259462 9.65938 147 99 955 0.676487 27059.5 0 0
 891.000000 3.52258 61.7836 63.1363 62.46 100.747 90.0641 0.259414 10.642 147 99 955 5.09685 203874 0 0
 892.000000 3.51357 60.7499 55.1828 57.9664 87.854 90.0625 0.259361 10.652 147 99 955 1.84223 73689.4 0 0
 893.000000 3.50851 62.6808 57.6146 60.1477 105.51 91.1586 0.257528 6.02851 146 98 955 0.724737 28989.5 0 0
 894.000000 3.518 57.9493 53.5906 55.7699 68.3919 91.1558 0.257503 6.02851 146 98 955 3.23831 129532 0 0
 895.000000 3.52868 56.7434 52.1769 54.4601 55.4859 91.153 0.257503 6.02851 146 97 3498 8.22685 329074 0 0
 896.000000 3.52247 52.7505 57.5339 55.1422 70.3311 91.1502 0.257603 6.02851 146 97 3498 5.04967 201987 0 0
 897.000000 3.54178 59.7863 58.4598 59.1231 90.8105 91.1498 0.257531 6.04033 146 97 3498 17.458 698320 0 0
 898.000000 3.52712 65.6828 62.5863 64.1345 100.401 91.259 0.257554 6.5245 146 97 1791 7.35262 294105 0 0
 899.000000 3.49193 65.6347 64.2663 64.9505 109.376 93.6426 0.257577 2.48822 146 97 1791 0 0 0 0
 900.000000 3.45959 67.4084 64.3047 65.8565 107.571 94.2916 0.257742 3.43423 146 97 1791 0 0 0 0
 901.000000 3.43918 65.5117 64.4701 64.9909 107.578 94.8065 0.257983 4.39769 146 97 1791 0 0 0 0
 902.000000 3.38642 66.8342 64.0354 65.4348 102.788 94.8713 0.258076 4.6272 146 97 1791 0 0 0 0
 903.000000 3.37015 64.5427 63.768 64.1554 106.357 95.1329 0.258216 5.40696 146 97 1791 0 0 0 0
 904.000000 3.37712 62.8076 62.6008 62.7042 107.636 95.5173 0.258316 6.39961 146 97 1791 0 0 0 0
 905.000000 3.34409 60.4182 59.9292 60.1737 93.6141 95.5158 0.258384 6.40626 146 97 1791 0 0 0 0
 906.000000 3.32748 60.682 56.0165 58.3493 80.3065 95.513 0.258409 6.40629 146 97 1791 0 0 0 0
 907.000000 3.32767 55.957 56.2103 56.0837 61.9337 95.5103 0.258445 6.40629 146 114 4304 0 0 0 0
 908.000000 3.31409 58.0627 55.3445 56.7036 72.1349 95.5075 0.25856 6.40629 146 114 4304 0 0 0 0
 909.000000 3.25933 64.0777 62.6371 63.3574 92.3074 95.5055 0.260815 6.41024 147 115 4304 0 0 0 0
 910.000000 3.21377 63.6915 63.2723 63.4819 92.0594 95.5034 0.26097 6.41381 147 123 1357 0 0 0 0
 911.000000 3.15859 69.0175 62.5865 65.802 88.6125 95.5008 0.261153 6.41471 147 123 1357 0 0 0 0
 912.000000 3.13011 63.54 60.9033 62.2216 88.4105 95.4982 0.263173 6.41553 148 124 1357 0 0 0 0
 913.000000 3.1662 60.2217 58.6712 59.4464 82.8818 95.4955 0.263311 6.41563 148 124 1357 0 0 0 0
 914.000000 3.17854 58.1766 53.8792 56.0279 48.6563 95.4927 0.263314 6.41563 148 128 2356 0 0 0 0
 915.000000 3.15644 54.9365 54.4014 54.669 35.8546 95.49 0.263356 6.41563 148 128 2356 0 0 0 0
 916.000000 3.12506 56.4272 56.0786 56.2529 51.1595 95.4872 0.263472 6.41563 148 128 2356 0 0 0 0
 917.000000 3.10384 57.796 56.7631 57.2795 62.3446 95.4845 0.263462 6.41563 148 128 2356 0 0 0 0
 918.000000 3.09558 55.5415 55.2789 55.4102 48.0986 95.4817 0.263474 6.41563 148 128 2356 0 0 0 0
 919.000000 3.06164 60.321 55.3583 57.8397 68.4376 95.479 0.263405 6.41563 148 128 2356 0 0 0 0
 920.000000 3.06212 60.2424 58.2363 59.2393 80.4601 95.4763 0.263402 6.41566 148 128 2356 0 0 0 0
 921.000000 3.08251 50.9521 51.9954 51.4738 -5.34533 95.4735 0.26341 6.41566 148 128 2356 0 0 0 0
 922.000000 3.06191 52.2803 53.3244 52.8023 19.2873 95.4708 0.26356 6.41566 148 127 3656 0 0 0 0
 923.000000 3.00141 58.2622 54.433 56.3476 51.2952 95.4681 0.263226 6.41566 147 126 3656 0 0 0 0
 924.000000 2.92868 56.4856 55.2555 55.8705 43.6896 95.4653 0.263595 6.41566 148 127 3656 0 0 0 0
 925.000000 2.87593 54.8971 55.4568 55.1769 40.221 95.4626 0.263805 6.41566 148 127 3656 0 0 0 0
 926.000000 2.83164 60.8763 58.5791 59.7277 62.0383 95.4599 0.263783 6.41566 148 127 3656 0 0 0 0
 927.000000 2.82868 64.5958 58.1932 61.3945 68.5304 95.4572 0.26383 6.41566 148 144 2674 0 0 0 0
 928.000000 2.77059 64.6469 58.962 61.8045 58.9987 95.4545 0.263947 6.41566 148 144 2674 0 0 0 0
 929.000000 2.71791 66.0272 65.4542 65.7407 48.7726 95.4518 0.264031 6.41566 148 144 2674 0 0 0 0
 930.000000 2.69395 63.0952 62.9379 63.0166 49.3619 95.4491 0.264076 6.41566 148 144 2674 0 0 0 0
 931.000000 2.66673 61.7942 62.245 62.0196 48.8417 95.4464 0.264011 6.41566 148 144 2674 0 0 0 0
 932.000000 2.65093 60.0977 62.6456 61.3717 49.9031 95.4437 0.263955 6.41566 148 144 2674 0 0 0 0
 933.000000 2.62337 66.7686 68.8068 67.7877 30.9249 95.441 0.263954 6.41566 148 139 3179 0 0 0 0
 934.000000 2.61421 64.2361 66.6051 65.4206 42.7509 95.4383 0.264051 6.41566 148 139 3179 0 0 0 0
 935.000000 2.63257 65.9559 70.0993 68.0276 40.0615 95.4356 0.26407 6.41566 148 139 3179 0 0 0 0
 936.000000 2.61236 68.8574 70.5927 69.725 29.7032 95.4329 0.264169 6.41566 149 140 3179 0 0 0 0
 937.000000 2.59665 65.7242 65.8025 65.7633 47.7699 95.4302 0.264389 6.41566 149 140 3179 0 0 0 0
 938.000000 2.59049 64.0928 62.5769 63.3349 46.7993 95.4275 0.264416 6.41566 149 140 3179 0 0 0 0
 939.000000 2.56737 61.6228 60.7139 61.1684 38.7338 95.4248 0.264643 6.41566 150 141 3179 0 0 0 0
 940.000000 2.49267 65.2133 62.6356 63.9245 33.1687 95.4222 0.264653 6.41566 150 141 3179 0 0 0 0
 941.000000 2.47898 63.524 60.5895 62.0567 30.5379 95.4195 0.264634 6.41566 150 141 3179 0 0 0 0
 942.000000 2.46794 64.3007 59.8164 62.0586 35.0602 95.4168 0.264587 6.41566 150 141 3179 0 0 0 0
 943.000000 2.43557 66.7266 60.3792 63.5529 35.5721 95.4141 0.264646 6.41566 150 141 3179 0 0 0 0
 944.000000 2.39666 63.0892 58.6185 60.8539 21.1006 95.4115 0.264697 6.41566 150 141 3179 0 0 0 0
 945.000000 2.37865 61.2469 58.5242 59.8856 18.4461 95.4088 0.264644 6.41566 150 123 5732 0 0 0 0
 946.000000 2.32777 66.8222 65.9933 66.4077 15.466 95.4062 0.264687 6.41566 150 119 863 0 0 0 0
 947.000000 2.26336 69.4506 67.8259 68.6383 -6.46751 95.4035 0.264715 6.41566 150 119 863 0 0 0 0
 948.000000 2.25837 65.2113 61.8904 63.5508 10.2998 95.4008 0.264687 6.41566 150 119 863 0 0 0 0
 949.000000 2.30081 66.2217 61.1612 63.6915 21.7118 95.3982 0.264751 6.41566 150 119 863 0 0 0 0
 950.000000 2.30146 59.695 59.5462 59.6206 11.6683 95.3955 0.264628 6.41566 150 119 863 0 0 0 0
 951.000000 2.21344 61.4705 58.9984 60.2344 5.27542 95.3929 0.264558 6.41566 150 119 863 0 0 0 0
 952.000000 2.15187 68.0976 64.9248 66.5112 12.6557 95.3902 0.264589 6.41566 150 119 863 0 0 0 0
 953.000000 2.15776 67.2766 62.9793 65.1279 21.8111 95.3876 0.264654 6.41566 150 119 863 0 0 0 0
 954.000000 2.17988 62.7927 61.5562 62.1744 22.1811 95.385 0.264704 6.41566 150 119 863 0 0 0 0
 955.000000 2.22848 61.3516 62.9479 62.1498 29.8067 95.3823 0.264737 6.41566 150 119 863 0 0 0 0
 956.000000 2.20744 58.0842 58.8661 58.4751 2.74652 95.3797 0.264876 6.41566 150 116 4863 0 0 0 0
 957.000000 2.21056 57.6906 57.36 57.5253 3.4554 95.3771 0.264871 6.41566 150 116 4863 0 0 0 0
 958.000000 2.21814 56.8544 53.9832 55.4188 -12.9589 95.3744 0.264899 6.41566 150 116 4863 0 0 0 0
 959.000000 2.27481 56.3748 53.4522 54.9135 -17.609 95.3718 0.26488 6.41566 150 116 4863 0 0 0 0
 960.000000 2.33657 56.6228 51.975 54.2989 -29.6262 95.3692 0.264881 6.41566 150 116 4863 0 0 0 0
 961.000000 2.38014 54.655 57.5619 56.1085 -12.6383 95.3666 0.263995 6.41566 151 117 4863 0 0 0 0
 962.000000 2.39429 59.8865 57.4945 58.6905 18.2209 95.364 0.264055 6.41566 151 117 4863 0 0 0 0
 963.000000 2.44753 56.7904 55.5764 56.1834 2.88536 95.3613 0.264193 6.41566 151 117 4863 0 0 0 0
 964.000000 2.43469 58.2194 54.063 56.1412 11.3813 95.3587 0.264315 6.41566 151 117 4863 0 0 0 0
 965.000000 2.40165 52.1489 52.4368 52.2929 -35.344 95.3561 0.263176 6.41566 152 127 4496 0 0 0 0
 966.000000 2.38879 52.591 53.4768 53.0339 -14.3628 95.3535 0.264296 6.41566 151 126 4496 0 0 0 0
 967.000000 2.41794 56.1206 57.9869 57.0538 23.2313 95.3509 0.264352 6.41566 151 126 4496 0 0 0 0
 968.000000 2.43594 61.192 56.9541 59.0731 37.4713 95.3483 0.264355 6.41566 151 126 4496 0 0 0 0
 969.000000 2.42377 62.016 59.1254 60.5707 45.9168 95.3457 0.264376 6.41566 151 126 4496 0 0 0 0
 970.000000 2.40998 57.9296 55.0026 56.4661 30.3114 95.3431 0.264557 6.41566 151 126 4496 0 0 0 0
 971.000000 2.42826 64.7396 59.0936 61.9166 50.1899 95.3405 0.26453 6.41566 151 130 3111 0 0 0 0
 972.000000 2.41192 67.4777 61.6861 64.5819 41.3223 95.338 0.264514 6.41566 151 130 3111 0 0 0 0
 973.000000 2.41974 63.0454 59.1548 61.1001 57.0456 95.3354 0.264503 6.41566 151 130 3111 0 0 0 0
 974.000000 2.37792 64.2068 63.4661 63.8364 43.8168 95.3328 0.264646 6.41566 151 130 3111 0 0 0 0
 975.000000 2.35014 65.1528 64.456 64.8044 43.2185 95.3302 0.264632 6.41566 151 130 3111 0 0 0 0
 976.000000 2.35615 63.2621 61.5455 62.4038 51.2832 95.3276 0.264774 6.41566 151 130 3111 0 0 0 0
 977.000000 2.33449 66.9371 64.3091 65.6231 43.3299 95.325 0.264757 6.41566 151 130 3111 0 0 0 0
 978.000000 2.29413 71.828 70.5492 71.1886 -21.3235 95.3225 0.265939 6.41566 150 119 3112 0 0 0 0
 979.000000 2.26398 70.9667 66.1837 68.5752 5.3459 95.3199 0.265945 6.41566 150 119 3112 0 0 0 0
 980.000000 2.27499 65.699 63.5585 64.6287 41.2749 95.3173 0.266061 6.41566 150 119 3112 0 0 0 0
 981.000000 2.25951 69.036 66.4923 67.7642 19.0656 95.3148 0.266158 6.41566 150 119 3112 0 0 0 0
 982.000000 2.25845 69.6534 67.7915 68.7225 20.6978 95.3122 0.266124 6.41566 150 119 3112 0 0 0 0
 983.000000 2.31794 70.7294 70.5897 70.6595 2.93043 95.3097 0.266222 6.41566 150 119 3112 0 0 0 0
 984.000000 2.3724 70.617 68.4742 69.5456 17.8827 95.3071 0.266292 6.41566 150 119 3112 0 0 0 0
 985.000000 2.40775 67.3876 69.7278 68.5577 29.9378 95.3045 0.266247 6.41566 150 119 3112 0 0 0 0
 986.000000 2.43472 70.9635 66.8365 68.9 30.7386 95.302 0.266263 6.41566 150 119 3112 0 0 0 0
 987.000000 2.46961 68.7567 64.4054 66.5811 42.1789 95.2994 0.26632 6.41566 150 119 3112 0 0 0 0
 988.000000 2.4859 72.5039 68.3935 70.4487 13.076 95.2969 0.26597 6.41566 151 120 3112 0 0 0 0
 989.000000 2.45866 74.398 71.9935 73.1957 -22.5731 95.2943 0.265989 6.41566 151 128 5901 0 0 0 0
 990.000000 2.41816 76.8441 72.6207 74.7324 -43.4115 95.2918 0.265815 6.41566 151 128 5901 0 0 0 0
 991.000000 2.34556 78.888 71.1382 75.0131 -59.7744 95.2893 0.264312 6.41566 152 129 5901 0 0 0 0
 992.000000 2.31224 76.2893 72.6518 74.4705 -43.2352 95.2867 0.264281 6.41566 152 129 5901 0 0 0 0
 993.000000 2.32147 73.4892 71.572 72.5306 -4.53124 95.2842 0.264295 6.41566 152 129 5901 0 0 0 0
 994.000000 2.3099 73.921 70.823 72.372 7.0615 95.2817 0.264273 6.41566 152 129 5901 0 0 0 0
 995.000000 2.3216 73.4163 66.7319 70.0741 32.855 95.2791 0.264415 6.41566 153 130 5901 0 0 0 0
 996.000000 2.37755 66.6319 64.7111 65.6715 58.627 95.2766 0.26446 6.41566 153 130 5901 0 0 0 0
 997.000000 2.41113 66.2255 68.9438 67.5846 54.3237 95.2741 0.264498 6.41566 153 130 5901 0 0 0 0
 998.000000 2.44337 72.5943 70.8401 71.7172 14.6623 95.2716 0.264584 6.41566 153 130 5901 0 0 0 0
 999.000000 2.4915 73.5126 69.9887 71.7506 12.6515 95.269 0.264471 6.41566 153 130 5901 0 0 0 0
 1000.000000 2.57712 73.8169 71.2756 72.5463 -4.97624 95.2665 0.264405 6.41566 153 130 5901 0 0 0 0
