#! FIELDS time d cn1 cn2 cna metad.bias metad.rct metad.zed metad.neff metad.nker metad.nlker metad.nlsteps uwall.bias uwall.force2 lwall.bias lwall.force2
 0.000000 1.22834 44.3086 48.0068 46.1577 -100 -100 1 1 0 0 0 0 0 0 0
 1.000000 1.22825 45.1869 50.7982 47.9925 -100 -100 1 1 0 0 0 0 0 0 0
 2.000000 1.26886 49.8513 54.5262 52.1888 -100 -100 1 1 0 0 0 0 0 0 0
 3.000000 1.22768 45.8519 51.5936 48.7228 -100 -100 1 1 0 0 0 0 0 0 0
 4.000000 1.26237 48.2665 52.3486 50.3075 -100 -100 1 1 0 0 0 0 0 0 0
 5.000000 1.29516 48.2417 52.9511 50.5964 -100 -100 1 1 0 0 0 0 0 0 0
 6.000000 1.24951 49.2014 53.4047 51.303 -100 -100 1 1 0 0 0 0 0 0 0
 7.000000 1.23641 48.323 49.8349 49.0789 -100 -100 1 1 0 0 0 0 0 0 0
 8.000000 1.25573 47.8923 49.4653 48.6788 -100 -100 1 1 0 0 0 0 0 0 0
 9.000000 1.26225 47.3662 51.7284 49.5473 -100 -100 1 1 0 0 0 0 0 0 0
 10.000000 1.23333 46.5202 53.9838 50.252 -100 -100 0.629961 1 1 1 0 0 0 0 0
 11.000000 1.25997 45.2896 49.537 47.4133 20.0814 17.3411 0.946574 1.00064 1 1 93 0 0 0 0
 12.000000 1.24492 49.6039 53.4384 51.5211 21.3584 19.0718 1.18352 1.88233 1 1 128 0 0 0 0
 13.000000 1.28493 50.8697 53.9304 52.4001 17.8 18.8641 1.38612 2.3886 1 1 50 0 0 0 0
 14.000000 1.2766 49.3562 49.5461 49.4511 27.1016 23.0535 1.57146 1.38222 1 1 43 0 0 0 0
 15.000000 1.26498 48.0346 52.4195 50.2271 29.8616 25.832 1.74899 1.74309 1 1 32 0 0 0 0
 16.000000 1.21959 50.9201 55.739 53.3295 9.03852 25.4993 1.92091 1.74368 1 1 50 0 0 0 0
 17.000000 1.26811 50.3897 52.3575 51.3736 28.8061 26.1676 2.08635 2.72046 1 1 2 0 0 0 0
 18.000000 1.29265 47.872 53.0779 50.4749 23.6427 26.0035 2.25078 2.93159 1 1 148 0 0 0 0
 19.000000 1.32549 49.0358 51.8447 50.4402 11.1034 25.7664 2.41286 2.93308 1 1 222 0 0 0 0
 20.000000 1.35376 53.6851 56.3518 55.0185 -26.4651 25.5494 1.76442 2.93308 2 2 305 0 0 0 0
 21.000000 1.38221 56.6684 59.1907 57.9296 -45.2567 25.3497 1.41279 2.93308 3 3 154 0 0 0 0
 22.000000 1.42448 51.0677 56.1003 53.584 -22.6446 25.1649 1.26867 2.93308 4 4 792 0 0 0 0
 23.000000 1.4906 48.6502 51.6408 50.1455 -66.5509 24.9928 1.06164 2.93308 5 5 110 0 0 0 0
 24.000000 1.52153 55.2009 60.0706 57.6358 -79.2003 24.8318 0.903029 2.93308 6 6 58 0 0 0 0
 25.000000 1.53166 59.6615 61.9427 60.8021 -58.2419 24.6806 0.809632 2.93308 7 7 188 0 0 0 0
 26.000000 1.58138 50.9376 56.3739 53.6557 -59.7828 24.538 0.733618 2.93308 8 8 658 0 0 0 0
 27.000000 1.66448 54.9336 57.4336 56.1836 -64.8455 24.4031 0.666472 2.93308 9 9 686 0 0 0 0
 28.000000 1.70934 49.4959 53.5957 51.5458 -70.2363 24.2752 0.605874 2.93308 10 10 467 0 0 0 0
 29.000000 1.74891 58.2091 63.6459 60.9275 -86.4269 24.1535 0.546342 2.93308 11 11 146 0 0 0 0
 30.000000 1.68301 62.7195 67.8504 65.2849 -78.6366 24.0375 0.498905 2.93308 12 12 146 0 0 0 0
 31.000000 1.61692 58.6998 64.3585 61.5291 -14.6539 23.9266 0.489211 2.93308 13 13 146 0 0 0 0
 32.000000 1.59872 57.4741 56.6165 57.0453 20.75 23.8506 0.510713 3.00358 13 13 146 0 0 0 0
 33.000000 1.62435 49.1656 51.4404 50.303 -23.8391 23.7488 0.494838 3.00358 14 14 187 0 0 0 0
 34.000000 1.62769 48.0664 50.7587 49.4126 -5.94587 23.6509 0.494834 3.00358 14 14 187 0 0 0 0
 35.000000 1.65023 43.0804 44.4892 43.7848 -81.8412 23.5568 0.457326 3.00358 15 15 917 0 0 0 0
 36.000000 1.64681 46.6552 48.4834 47.5693 3.39679 23.4661 0.457584 3.00365 15 15 917 0 0 0 0
 37.000000 1.63215 47.332 50.5005 48.9163 39.5093 31.2201 0.459593 1.09142 15 15 917 0 0 0 0
 38.000000 1.5758 54.361 57.1554 55.7582 37.7293 32.0944 0.477329 1.89903 14 14 1443 0 0 0 0
 39.000000 1.48256 51.0228 53.5664 52.2946 26.5764 32.0217 0.486627 1.91286 14 14 722 0 0 0 0
 40.000000 1.43353 47.8122 53.6702 50.7412 35.3899 32.2351 0.49171 2.34909 14 14 722 0 0 0 0
 41.000000 1.45755 52.4506 55.9303 54.1904 48.2174 39.6242 0.500941 1.10703 14 14 722 0 0 0 0
 42.000000 1.48698 58.012 61.9871 59.9996 5.3347 39.5497 0.50806 1.10703 13 13 1248 0 0 0 0
 43.000000 1.46054 56.2411 58.7987 57.5199 41.443 39.6294 0.520091 1.24506 13 13 1248 0 0 0 0
 44.000000 1.42622 59.781 61.4535 60.6172 13.2719 39.5591 0.516929 1.24507 14 14 1248 0 0 0 0
 45.000000 1.42422 61.8712 66.6556 64.2634 -41.8626 39.4908 0.491775 1.24507 15 15 1397 0 0 0 0
 46.000000 1.49455 63.401 70.396 66.8985 -59.5401 39.4243 0.465358 1.24507 16 16 1397 0 0 0 0
 47.000000 1.55359 61.6604 65.1402 63.4003 3.41151 39.3595 0.470665 1.24507 16 16 1444 0 0 0 0
 48.000000 1.54643 62.5904 66.5282 64.5593 11.2898 39.2963 0.474407 1.24507 16 16 1444 0 0 0 0
 49.000000 1.53911 62.5149 64.2055 63.3602 41.756 39.3966 0.478888 1.40966 16 16 1444 0 0 0 0
 50.000000 1.50241 56.4239 58.1701 57.297 62.4625 53.1493 0.484458 1.00791 16 16 1444 0 0 0 0
 51.000000 1.48022 60.0661 59.2292 59.6477 69.0058 59.7995 0.491709 1.14499 16 16 1546 0 0 0 0
 52.000000 1.43025 60.7816 61.3374 61.0595 49.1824 59.7429 0.498102 1.14574 16 16 754 0 0 0 0
 53.000000 1.39979 60.9446 63.4586 62.2016 29.779 59.6869 0.499698 1.14574 16 16 754 0 0 0 0
 54.000000 1.3959 54.6558 57.4968 56.0763 49.553 59.633 0.501682 1.14662 15 15 754 0 0 0 0
 55.000000 1.39965 54.3401 59.0589 56.6995 63.8474 59.8571 0.507716 1.41016 15 15 754 0 0 0 0
 56.000000 1.36093 56.4694 58.4448 57.4571 54.5795 59.8109 0.507683 1.41739 15 15 754 0 0 0 0
 57.000000 1.3225 57.8147 60.2558 59.0353 24.5302 59.7595 0.506864 1.41739 16 16 2337 0 0 0 0
 58.000000 1.2693 53.294 57.1654 55.2297 26.2145 59.7091 0.505864 1.41739 17 17 2337 0 0 0 0
 59.000000 1.33901 51.4073 55.3944 53.4008 57.9221 59.684 0.517589 1.44502 17 17 1120 0 0 0 0
 60.000000 1.38904 49.73 50.3475 50.0388 31.8905 59.6355 0.519536 1.44502 18 18 1120 0 0 0 0
 61.000000 1.44574 49.4839 55.773 52.6285 53.7537 59.5926 0.516359 1.45028 17 17 1120 0 0 0 0
 62.000000 1.44874 44.3707 47.2642 45.8175 -44.518 59.5459 0.493226 1.45028 18 18 1438 0 0 0 0
 63.000000 1.37834 39.2256 43.9712 41.5984 -80.1647 59.5002 0.466739 1.45028 19 19 1438 0 0 0 0
 64.000000 1.27084 39.6585 44.945 42.3018 -61.1945 59.4552 0.445184 1.45028 20 20 980 0 0 0 0
 65.000000 1.18931 41.4864 45.8657 43.676 -53.8785 59.4111 0.42697 1.45028 21 21 729 0 0 1.14347 45738.8
 66.000000 1.18968 46.0818 46.9696 46.5257 -10.6764 59.3677 0.417973 1.45028 22 22 729 0 0 1.06577 42630.8
 67.000000 1.21158 44.9138 47.9484 46.4311 18.1571 59.3251 0.419537 1.45028 22 22 729 0 0 0 0
 68.000000 1.19748 44.7562 48.4609 46.6086 28.6539 59.2831 0.419487 1.45028 22 22 729 0 0 0.0635515 2542.06
 69.000000 1.20398 48.1277 51.3438 49.7358 38.2493 59.2419 0.419695 1.45029 22 22 729 0 0 0 0
 70.000000 1.21399 50.8815 53.291 52.0862 48.7326 59.202 0.419152 1.45099 22 22 729 0 0 0 0
 71.000000 1.19254 50.3403 51.0737 50.707 52.7021 59.165 0.418459 1.45445 22 22 729 0 0 0.557238 22289.5
 72.000000 1.21059 46.842 48.2393 47.5407 67.4186 60.0253 0.419863 2.34791 22 22 729 0 0 0 0
 73.000000 1.22826 52.8589 50.2125 51.5357 80.3566 69.9899 0.418897 1.03711 22 22 729 0 0 0 0
 74.000000 1.23464 50.8222 52.4403 51.6313 89.0046 78.6323 0.41808 1.06354 22 22 729 0 0 0 0
 75.000000 1.28333 42.4424 46.9625 44.7024 20.2936 78.5948 0.423045 1.06354 22 22 729 0 0 0 0
 76.000000 1.30373 42.4396 46.104 44.2718 18.9298 78.5578 0.42367 1.06354 22 22 729 0 0 0 0
 77.000000 1.2543 42.0702 47.0171 44.5437 51.9845 78.5214 0.427211 1.06354 22 22 729 0 0 0 0
 78.000000 1.27061 37.9871 41.0492 39.5181 -42.964 78.4855 0.413298 1.06354 23 23 729 0 0 0 0
 79.000000 1.25605 37.1695 38.7561 37.9628 -46.7641 78.4501 0.40965 1.06354 23 23 729 0 0 0 0
 80.000000 1.18662 41.189 38.5 39.8445 -32.9757 78.4152 0.399236 1.06354 24 24 729 0 0 1.79004 71601.5
 81.000000 1.17796 42.3389 41.8918 42.1154 9.78234 78.3808 0.397954 1.06354 24 24 729 0 0 4.85758 194303
 82.000000 1.19306 42.1813 40.6332 41.4072 27.0812 78.3469 0.402902 1.06354 23 23 729 0 0 0.480968 19238.7
 83.000000 1.18411 40.9881 43.7575 42.3728 47.4708 78.3134 0.403319 1.06354 23 23 729 0 0 2.52598 101039
 84.000000 1.17364 45.0391 46.0153 45.5272 60.4352 78.2804 0.402519 1.06356 23 23 729 0 0 6.94877 277951
 85.000000 1.1741 45.6383 47.1751 46.4067 71.9799 78.2504 0.401441 1.0658 23 23 729 0 0 6.7071 268284
 86.000000 1.16092 46.1705 48.6663 47.4184 69.5958 78.2192 0.399846 1.06667 23 23 729 0 0 15.2728 610913
 87.000000 1.18591 46.1117 46.9764 46.544 93.8982 83.3376 0.399646 1.28622 23 23 729 0 0 1.98534 79413.8
 88.000000 1.19555 44.2689 44.8987 44.5838 92.787 84.4143 0.401981 2.23005 23 23 729 0 0 0.198131 7925.24
 89.000000 1.15273 39.3818 38.9369 39.1593 -1.77173 84.3833 0.396125 2.23005 24 24 729 0 0 22.3464 893855
 90.000000 1.18233 42.0363 40.7397 41.388 63.9921 84.3527 0.39758 2.23006 24 24 729 0 0 3.12154 124862
 91.000000 1.18085 34.6315 37.2325 35.932 -42.1654 84.3225 0.386691 2.23006 25 25 729 0 0 3.66791 146716
 92.000000 1.17254 37.4933 36.7563 37.1248 5.94288 84.2926 0.390252 2.23006 25 25 729 0 0 7.54168 301667
 93.000000 1.17046 39.1434 43.2643 41.2039 69.0556 84.2631 0.392027 2.23018 25 25 729 0 0 8.72324 348930
 94.000000 1.2099 38.2316 44.6151 41.4233 82.0382 84.246 0.395098 2.25162 25 25 729 0 0 0 0
 95.000000 1.218 39.7078 44.5939 42.1509 92.3197 84.8638 0.398308 3.15866 25 25 729 0 0 0 0
 96.000000 1.22671 42.392 45.7432 44.0676 102.663 91.6622 0.404964 1.14157 25 25 729 0 0 0 0
 97.000000 1.22307 47.6118 48.4685 48.0402 98.5664 92.0489 0.40632 1.53477 25 25 729 0 0 0 0
 98.000000 1.24997 49.4537 52.5973 51.0255 84.1092 92.0222 0.405842 1.5362 25 25 729 0 0 0 0
 99.000000 1.26061 50.0315 52.2848 51.1582 89.035 92.003 0.405569 1.5465 25 25 729 0 0 0 0
 100.000000 1.26884 51.1055 51.1776 51.1415 93.8881 92.0334 0.405507 1.61835 25 25 729 0 0 0 0
 101.000000 1.24133 47.9973 47.5592 47.7782 107.802 96.8778 0.408105 1.33539 25 25 729 0 0 0 0
 102.000000 1.20824 42.1246 51.167 46.6458 118.249 106.961 0.408702 1.03543 25 25 729 0 0 0 0
 103.000000 1.18518 45.0819 48.8001 46.941 114.875 107.499 0.408193 1.52637 25 25 729 0 0 2.19668 87867.1
 104.000000 1.17394 51.4597 52.0362 51.748 62.3 107.473 0.416465 1.52637 26 26 729 0 0 6.79312 271725
 105.000000 1.17722 55.6751 55.7499 55.7125 -4.38486 107.447 0.410227 1.52637 27 27 19696 0 0 5.18982 207593
 106.000000 1.17771 54.1728 56.0121 55.0924 25.7382 107.421 0.411859 1.52637 27 27 19696 0 0 4.96701 198680
 107.000000 1.20683 52.2834 55.7694 54.0264 67.6951 107.396 0.417737 1.52637 27 27 19696 0 0 0 0
 108.000000 1.19241 53.6745 52.0875 52.881 81.7718 107.371 0.410994 1.52637 26 26 19696 0 0 0.576565 23062.6
 109.000000 1.19697 52.2154 49.3744 50.7949 109.279 107.399 0.411877 1.59155 26 26 19696 0 0 0.0917902 3671.61
 110.000000 1.22281 60.2894 59.1196 59.7045 -50.9296 107.375 0.399977 1.59155 27 27 2847 0 0 0 0
 111.000000 1.25635 58.5346 57.3551 57.9449 11.6735 107.35 0.399911 1.59155 28 28 2847 0 0 0 0
 112.000000 1.28806 58.3598 58.0576 58.2087 19.9174 107.326 0.404952 1.59155 27 27 2847 0 0 0 0
 113.000000 1.26887 56.468 57.3543 56.9111 51.3984 107.302 0.409265 1.59155 27 27 2847 0 0 0 0
 114.000000 1.2598 55.1792 57.389 56.2841 68.0472 107.279 0.400665 1.59155 26 26 2847 0 0 0 0
 115.000000 1.30712 50.9883 54.0754 52.5319 84.1786 107.255 0.402179 1.59155 26 26 2847 0 0 0 0
 116.000000 1.38425 46.0722 47.3848 46.7285 -15.8408 107.232 0.39604 1.59155 27 27 2695 0 0 0 0
 117.000000 1.36775 44.9566 48.0933 46.5249 9.13509 107.209 0.39747 1.59155 27 27 2695 0 0 0 0
 118.000000 1.34122 49.3753 51.3113 50.3433 63.9143 107.186 0.401908 1.59155 27 27 2695 0 0 0 0
 119.000000 1.39981 51.3074 51.275 51.2912 41.8896 107.164 0.401415 1.59155 27 27 2695 0 0 0 0
 120.000000 1.42627 55.6496 53.6414 54.6455 41.0277 107.141 0.404173 1.59155 27 27 2695 0 0 0 0
 121.000000 1.38273 51.9131 52.4993 52.2062 65.3391 107.119 0.405602 1.59155 27 27 2695 0 0 0 0
 122.000000 1.34404 48.4445 52.5644 50.5044 80.3843 107.097 0.406592 1.59155 27 27 2695 0 0 0 0
 123.000000 1.33149 47.1456 46.8055 46.9756 48.68 107.075 0.409149 1.59155 27 27 2695 0 0 0 0
 124.000000 1.35888 44.4737 47.1415 45.8076 33.8064 107.054 0.409042 1.59155 27 27 2695 0 0 0 0
 125.000000 1.4197 42.5769 47.2447 44.9108 -11.6689 107.032 0.411131 1.59155 27 27 4409 0 0 0 0
 126.000000 1.43943 38.2589 43.3891 40.824 -67.0198 107.011 0.399105 1.59155 28 28 4409 0 0 0 0
 127.000000 1.39658 41.5778 44.6714 43.1246 -1.8516 106.99 0.403104 1.59155 28 28 4409 0 0 0 0
 128.000000 1.34258 42.8856 43.0877 42.9867 20.0328 106.969 0.40572 1.59155 28 28 4409 0 0 0 0
 129.000000 1.3211 43.5315 39.5051 41.5183 16.3966 106.948 0.404916 1.59155 29 29 4409 0 0 0 0
 130.000000 1.33171 39.5678 37.4428 38.5053 -32.1989 106.928 0.397464 1.59155 30 30 4409 0 0 0 0
 131.000000 1.30798 47.3569 45.1084 46.2326 70.3443 106.908 0.408225 1.59155 31 31 4409 0 0 0 0
 132.000000 1.30847 45.4001 44.2681 44.8341 67.1468 106.887 0.401744 1.59155 30 30 4409 0 0 0 0
 133.000000 1.30489 47.8636 47.8853 47.8745 88.9688 106.867 0.417655 1.59157 31 31 4409 0 0 0 0
 134.000000 1.30627 53.7984 47.6289 50.7137 96.058 106.848 0.420346 1.59191 31 31 4409 0 0 0 0
 135.000000 1.31207 54.7814 51.8585 53.32 87.425 106.828 0.435239 1.59192 32 32 5337 0 0 0 0
 136.000000 1.35734 57.9277 55.067 56.4974 42.9891 106.809 0.435439 1.59192 32 32 5337 0 0 0 0
 137.000000 1.38929 57.0214 54.8588 55.9401 49.4301 106.789 0.435373 1.59192 32 32 5337 0 0 0 0
 138.000000 1.35853 61.8102 58.7725 60.2914 5.55079 106.77 0.435603 1.59192 32 32 1449 0 0 0 0
 139.000000 1.32962 59.1496 58.3434 58.7465 38.2831 106.751 0.437985 1.59192 33 33 1449 0 0 0 0
 140.000000 1.35869 56.5842 56.5328 56.5585 63.5655 106.732 0.439167 1.59192 33 33 1449 0 0 0 0
 141.000000 1.36721 56.3997 59.0629 57.7313 62.1099 106.713 0.440304 1.59192 33 33 1449 0 0 0 0
 142.000000 1.36026 61.212 60.7069 60.9594 22.2842 106.694 0.441019 1.59192 33 33 1449 0 0 0 0
 143.000000 1.37421 63.243 62.1889 62.7159 2.32326 106.676 0.440275 1.59192 33 33 1449 0 0 0 0
 144.000000 1.42712 63.4306 65.5248 64.4777 -15.9245 106.657 0.439576 1.59192 33 33 1449 0 0 0 0
 145.000000 1.45639 59.5725 59.8924 59.7325 27.5825 106.639 0.440245 1.59192 33 33 1449 0 0 0 0
 146.000000 1.44086 54.1387 58.1585 56.1486 46.2637 106.621 0.443965 1.59192 34 34 1449 0 0 0 0
 147.000000 1.4393 49.0183 53.3069 51.1626 30.2483 106.603 0.443576 1.59192 34 34 1449 0 0 0 0
 148.000000 1.47279 54.4009 55.7742 55.0876 35.5686 106.585 0.442298 1.59192 34 34 1449 0 0 0 0
 149.000000 1.48957 46.8617 52.1368 49.4993 -10.607 106.567 0.435884 1.59192 35 35 5584 0 0 0 0
 150.000000 1.51458 48.5545 50.9406 49.7476 -8.09848 106.55 0.434358 1.59192 35 35 5584 0 0 0 0
 151.000000 1.53317 46.7344 48.4871 47.6108 -27.7767 106.532 0.426899 1.59192 36 36 5584 0 0 0 0
 152.000000 1.52272 44.1047 46.3433 45.224 -43.2023 106.515 0.418863 1.59192 37 37 1270 0 0 0 0
 153.000000 1.42862 45.9005 51.6133 48.7569 31.214 106.497 0.419915 1.59192 38 38 1270 0 0 0 0
 154.000000 1.4311 49.9957 47.896 48.9458 41.2357 106.48 0.420814 1.59192 38 38 1270 0 0 0 0
 155.000000 1.45501 41.6837 49.1237 45.4037 -0.429675 106.463 0.420756 1.59192 38 38 1270 0 0 0 0
 156.000000 1.47531 42.8679 46.2319 44.5499 -5.96728 106.446 0.420912 1.59192 38 38 1270 0 0 0 0
 157.000000 1.4936 46.0471 51.2816 48.6643 27.871 106.43 0.422438 1.59192 38 38 1270 0 0 0 0
 158.000000 1.56221 53.0864 56.3132 54.6998 -15.263 106.413 0.422322 1.59192 38 38 3089 0 0 0 0
 159.000000 1.57249 54.0508 55.8649 54.9579 -2.64743 106.396 0.42133 1.59192 38 38 3089 0 0 0 0
 160.000000 1.55959 53.0017 57.3904 55.1961 14.8829 106.38 0.420679 1.59192 38 38 3089 0 0 0 0
 161.000000 1.53558 60.1887 61.3082 60.7484 1.90782 106.363 0.421495 1.59192 38 38 1514 0 0 0 0
 162.000000 1.53052 56.3988 56.6542 56.5265 32.9673 106.347 0.422282 1.59192 38 38 1514 0 0 0 0
 163.000000 1.51053 53.4793 52.47 52.9746 36.7874 106.331 0.423856 1.59192 39 39 1514 0 0 0 0
 164.000000 1.51196 59.0735 58.1339 58.6037 36.8227 106.315 0.423402 1.59192 39 39 1514 0 0 0 0
 165.000000 1.49916 58.6754 60.0502 59.3628 43.495 106.299 0.422697 1.59192 39 39 1514 0 0 0 0
 166.000000 1.49883 65.5831 65.6394 65.6113 -29.7082 106.283 0.423337 1.59192 39 39 1514 0 0 0 0
 167.000000 1.52818 61.5525 61.2596 61.406 28.1421 106.268 0.423892 1.59192 39 39 1514 0 0 0 0
 168.000000 1.52363 59.6658 62.3911 61.0285 42.0331 106.252 0.424555 1.59192 39 39 1514 0 0 0 0
 169.000000 1.47386 63.3785 63.6158 63.4972 21.898 106.236 0.426628 1.59192 39 39 1514 0 0 0 0
 170.000000 1.4384 60.0263 61.2369 60.6316 49.6104 106.221 0.428702 1.59192 39 39 1514 0 0 0 0
 171.000000 1.46377 57.2831 56.5909 56.937 61.8533 106.206 0.429377 1.59192 39 39 1514 0 0 0 0
 172.000000 1.46964 57.4406 52.0244 54.7325 60.9806 106.19 0.430218 1.59192 39 39 1514 0 0 0 0
 173.000000 1.5335 55.1216 55.5165 55.3191 51.0594 106.175 0.431549 1.59192 39 39 1514 0 0 0 0
 174.000000 1.5403 54.8399 56.1576 55.4988 57.0201 106.16 0.432232 1.59192 39 39 1514 0 0 0 0
 175.000000 1.56204 58.7044 60.62 59.6622 39.0125 106.145 0.432507 1.59192 39 39 1514 0 0 0 0
 176.000000 1.67721 61.1247 59.1696 60.1471 -70.8196 106.13 0.432073 1.59192 39 39 1514 0 0 0 0
 177.000000 1.72696 57.4131 57.2132 57.3132 -74.7773 106.115 0.421874 1.59192 40 40 7853 0 0 0 0
 178.000000 1.67957 55.8215 57.0114 56.4165 -43.875 106.101 0.414478 1.59192 41 41 7853 0 0 0 0
 179.000000 1.68745 57.8693 59.3734 58.6213 -28.418 106.086 0.415874 1.59192 41 41 7853 0 0 0 0
 180.000000 1.66731 64.5967 60.6089 62.6028 -46.16 106.072 0.416928 1.59192 41 41 7853 0 0 0 0
 181.000000 1.64815 63.5609 58.863 61.212 -11.3171 106.057 0.418272 1.59192 41 41 7853 0 0 0 0
 182.000000 1.63572 58.7623 60.3612 59.5618 8.46654 106.043 0.416 1.59192 42 42 7853 0 0 0 0
 183.000000 1.62676 57.2012 57.9324 57.5668 20.2335 106.028 0.41648 1.59192 42 42 7853 0 0 0 0
 184.000000 1.71731 54.9369 52.9379 53.9374 -54.2158 106.014 0.416851 1.59192 42 42 7853 0 0 0 0
 185.000000 1.77649 55.2218 56.6528 55.9373 -64.7317 106 0.408478 1.59192 43 43 7853 0 0 0 0
 186.000000 1.83003 58.9595 62.0145 60.487 -94.093 105.986 0.398531 1.59192 44 44 7853 0 0 0 0
 187.000000 1.83265 53.9827 58.1215 56.0521 -78.5841 105.972 0.390185 1.59192 45 45 7853 0 0 0 0
 188.000000 1.87719 56.3443 62.0654 59.2048 -78.1732 105.958 0.382311 1.59192 46 46 7853 0 0 0 0
 189.000000 1.91398 56.4736 56.377 56.4253 -84.1707 105.944 0.374315 1.59192 47 47 7853 0 0 0 0
 190.000000 1.92243 61.8147 63.4016 62.6082 -91.7758 105.931 0.366134 1.59192 48 48 7853 0 0 0 0
 191.000000 1.93621 59.5131 60.5214 60.0173 -65.2802 105.917 0.360097 1.59192 49 49 7853 0 0 0 0
 192.000000 1.98851 60.8977 59.1142 60.0059 -76.7671 105.903 0.353441 1.59192 50 46 7406 0 0 0 0
 193.000000 2.08966 58.2354 58.7468 58.4911 -98.3362 105.89 0.345753 1.59192 51 47 7406 0 0 0 0
 194.000000 2.11894 62.3491 63.9744 63.1618 -96.9535 105.876 0.338413 1.59192 52 48 7406 0 0 0 0
 195.000000 2.09923 62.4269 57.914 60.1704 -62.9735 105.863 0.338047 1.59192 52 48 7406 0 0 0 0
 196.000000 2.06431 66.1765 63.5405 64.8585 -83.8664 105.85 0.33161 1.59192 53 49 7406 0 0 0 0
 197.000000 1.97175 66.053 63.9975 65.0253 -81.424 105.836 0.325575 1.59192 54 39 2590 0 0 0 0
 198.000000 1.95946 69.619 66.4899 68.0545 -84.8515 105.823 0.319571 1.59192 55 40 2590 0 0 0 0
 199.000000 2.00248 65.6318 63.5788 64.6053 -49.6889 105.81 0.319561 1.59192 55 40 2590 0 0 0 0
 200.000000 2.06728 62.8033 61.9305 62.3669 -39.9112 105.797 0.316113 1.59192 56 41 2590 0 0 0 0
 201.000000 2.02195 63.7637 54.4403 59.102 -49.3537 105.784 0.315906 1.59192 56 41 2590 0 0 0 0
 202.000000 2.01099 54.1991 56.0651 55.1321 -85.1395 105.771 0.31013 1.59192 57 48 2543 0 0 0 0
 203.000000 2.04386 57.4843 53.8911 55.6877 -55.3398 105.758 0.309723 1.59192 57 48 2543 0 0 0 0
 204.000000 2.1094 55.8156 51.5057 53.6606 -84.0913 105.746 0.304121 1.59192 58 47 1054 0 0 0 0
 205.000000 2.19629 60.2206 51.0832 55.6519 -94.5567 105.733 0.29845 1.59192 59 48 1054 0 0 0 0
 206.000000 2.21667 63.1624 57.9617 60.5621 -94.4516 105.72 0.29298 1.59192 60 35 1067 0 0 0 0
 207.000000 2.2609 63.8397 61.6585 62.7491 -85.3299 105.708 0.288051 1.59192 61 34 518 0 0 0 0
 208.000000 2.28978 61.0386 58.0521 59.5454 -79.9344 105.695 0.283494 1.59192 62 35 518 0 0 0 0
 209.000000 2.34814 60.7051 55.8659 58.2855 -84.1743 105.683 0.278899 1.59192 63 33 824 0 0 0 0
 210.000000 2.37656 57.0353 52.8736 54.9544 -89.6736 105.67 0.274228 1.59192 64 34 824 0 0 0 0
 211.000000 2.40275 60.1476 54.4859 57.3168 -65.8509 105.658 0.270626 1.59192 65 32 1039 0 0 0 0
 212.000000 2.43017 63.8556 62.3056 63.0806 -98.4201 105.646 0.265927 1.59192 66 32 80 0 0 0 0
 213.000000 2.45561 65.9718 64.8533 65.4126 -81.3741 105.634 0.261915 1.59192 67 33 80 0 0 0 0
 214.000000 2.5089 61.2224 61.2556 61.239 -89.1581 105.622 0.257761 1.59192 68 34 80 0 0 0 0
 215.000000 2.61951 60.7782 61.9984 61.3883 -96.7332 105.61 0.253495 1.59192 69 35 80 0 0 0 0
 216.000000 2.64061 58.2539 59.1179 58.6859 -83.6565 105.597 0.249722 1.59192 70 22 2144 0 0 0 0
 217.000000 2.62656 56.2267 54.7435 55.4851 -87.3383 105.586 0.245936 1.59192 71 23 2144 0 0 0 0
 218.000000 2.60491 64.6472 65.5065 65.0769 -89.8739 105.574 0.242181 1.59192 72 25 957 0 0 0 0
 219.000000 2.54721 63.3193 67.889 65.6041 -68.5105 105.562 0.239195 1.59192 73 26 957 0 0 0 0
 220.000000 2.4794 68.2582 68.7345 68.4964 -79.8616 105.55 0.235894 1.59192 74 29 740 0 0 0 0
 221.000000 2.47689 60.9168 64.3521 62.6344 -38.1712 105.538 0.236191 1.59192 74 29 740 0 0 0 0
 222.000000 2.50645 55.5933 59.3204 57.4569 -82.2923 105.527 0.23287 1.59192 75 34 137 0 0 0 0
 223.000000 2.55561 58.2208 55.9474 57.0841 -56.0048 105.515 0.232631 1.59192 75 34 137 0 0 0 0
 224.000000 2.56508 59.7677 61.0769 60.4223 -35.6327 105.503 0.230758 1.59192 76 30 893 0 0 0 0
 225.000000 2.56336 61.5377 64.8306 63.1841 -23.6503 105.492 0.229574 1.59192 77 31 893 0 0 0 0
 226.000000 2.61232 64.2082 63.4242 63.8162 -23.3209 105.48 0.230018 1.59192 77 31 893 0 0 0 0
 227.000000 2.73477 60.8835 63.9352 62.4094 -92.8759 105.469 0.226674 1.59192 78 32 893 0 0 0 0
 228.000000 2.83653 61.7135 60.4211 61.0673 -94.8878 105.458 0.223379 1.59192 79 33 893 0 0 0 0
 229.000000 2.87967 65.3179 63.9325 64.6252 -92.8823 105.446 0.220207 1.59192 80 23 2571 0 0 0 0
 230.000000 2.95827 58.979 60.8109 59.8949 -96.5683 105.435 0.217036 1.59192 81 21 595 0 0 0 0
 231.000000 3.01486 58.0758 57.9241 58 -84.4465 105.424 0.214195 1.59192 82 21 388 0 0 0 0
 232.000000 3.0231 62.9334 65.6007 64.267 -96.5071 105.413 0.211168 1.59192 83 21 47 0 0 0 0
 233.000000 3.01985 63.953 60.6583 62.3057 -62.8512 105.402 0.210872 1.59192 83 21 47 0 0 0 0
 234.000000 3.1177 61.3496 59.1614 60.2555 -88.2371 105.39 0.208044 1.59192 84 22 957 0 0 0 0
 235.000000 3.16996 55.9322 55.1606 55.5464 -97.8769 105.379 0.205129 1.59192 85 19 592 0 0 0 0
 236.000000 3.22191 61.18 59.983 60.5815 -91.0123 105.368 0.202412 1.59192 86 20 592 0 0 0 0
 237.000000 3.25567 64.8624 64.7392 64.8008 -96.0026 105.358 0.199658 1.59192 87 20 71 0 0 0 0
 238.000000 3.35137 60.2455 62.1546 61.2 -94.298 105.347 0.197 1.59192 88 20 420 0 0 0 0
 239.000000 3.43033 56.254 58.9311 57.5925 -96.5508 105.336 0.194355 1.59192 89 15 83 0 0 0 0
 240.000000 3.43835 54.3516 54.4797 54.4157 -88.7614 105.325 0.191897 1.59192 90 16 83 0 0 0 0
 241.000000 3.41713 67.6806 65.7782 66.7294 -98.8544 105.314 0.189328 1.59192 91 14 178 0 0 0 0
 242.000000 3.43409 62.4671 62.7566 62.6119 -81.5765 105.304 0.187109 1.59192 92 15 178 0 0 0 0
 243.000000 3.50028 63.3923 61.7427 62.5675 -73.9221 105.293 0.185075 1.59192 93 16 819 0.000780326 31.2131 0 0
 244.000000 3.52931 66.856 63.8975 65.3768 -76.589 105.282 0.183028 1.59192 94 17 122 8.59284 343713 0 0
 245.000000 3.50784 59.9365 60.2961 60.1163 -65.2845 105.272 0.181236 1.59192 95 18 659 0.6139 24556 0 0
 246.000000 3.51726 57.6003 57.9941 57.7972 -62.4528 105.261 0.179537 1.59192 96 18 211 2.97882 119153 0 0
 247.000000 3.51282 54.7519 56.1022 55.427 -57.7805 105.251 0.177962 1.59192 97 20 96 1.64276 65710.6 0 0
 248.000000 3.51694 60.4767 61.1273 60.802 -28.7251 105.241 0.177953 1.59192 97 20 491 2.86942 114777 0 0
 249.000000 3.5186 62.0604 66.189 64.1247 -30.4983 105.23 0.178024 1.59192 97 20 148 3.4581 138324 0 0
 250.000000 3.507 67.6995 69.903 68.8013 -80.5616 105.22 0.17601 1.59192 98 21 480 0.490273 19610.9 0 0
 251.000000 3.47995 68.6591 65.1874 66.9232 -31.4777 105.21 0.174954 1.59192 99 22 480 0 0 0 0
 252.000000 3.50915 70.5803 70.0065 70.2934 -62.0548 105.199 0.174494 1.59192 99 22 480 0.837405 33496.2 0 0
 253.000000 3.47311 70.9929 71.825 71.409 -55.8523 105.189 0.172863 1.59192 100 23 480 0 0 0 0
 254.000000 3.39245 71.2708 70.8235 71.0472 -66.0002 105.179 0.171191 1.59192 101 24 480 0 0 0 0
 255.000000 3.34988 67.7063 65.541 66.6236 -58.744 105.169 0.169726 1.59192 102 25 480 0 0 0 0
 256.000000 3.29813 64.7186 61.4397 63.0792 -48.0066 105.159 0.168496 1.59192 103 26 480 0 0 0 0
 257.000000 3.24443 66.0012 60.8381 63.4197 -33.2572 105.149 0.169463 1.59192 102 34 3295 0 0 0 0
 258.000000 3.18888 72.0746 66.4612 69.2679 -96.5606 105.139 0.167446 1.59192 103 36 544 0 0 0 0
 259.000000 3.14339 67.4583 65.2645 66.3614 -75.0939 105.129 0.165714 1.59192 104 37 544 0 0 0 0
 260.000000 3.07131 66.7094 64.8704 65.7899 -50.5772 105.119 0.16436 1.59192 105 38 544 0 0 0 0
 261.000000 2.99257 72.144 66.9983 69.5712 -93.7872 105.109 0.162491 1.59192 106 43 1796 0 0 0 0
 262.000000 2.94689 69.9258 64.0519 66.9888 -63.5738 105.099 0.161051 1.59192 107 44 1796 0 0 0 0
 263.000000 2.93047 65.0404 62.1831 63.6118 -39.7283 105.089 0.160045 1.59192 108 48 1009 0 0 0 0
 264.000000 2.87437 69.0907 70.9272 70.009 -83.6608 105.08 0.158394 1.59192 109 49 282 0 0 0 0
 265.000000 2.77903 67.0696 67.8016 67.4356 -86.5662 105.07 0.156748 1.59192 110 50 282 0 0 0 0
 266.000000 2.70528 68.0781 64.6299 66.354 -63.8318 105.06 0.155421 1.59192 111 51 282 0 0 0 0
 267.000000 2.66242 71.7266 68.488 70.1073 -88.7684 105.05 0.153792 1.59192 112 52 282 0 0 0 0
 268.000000 2.69613 73.8969 66.3283 70.1126 -54.5116 105.041 0.153533 1.59192 112 52 282 0 0 0 0
 269.000000 2.73873 65.9165 64.2862 65.1014 -38.1826 105.031 0.153495 1.59192 112 52 282 0 0 0 0
 270.000000 2.76971 59.7955 57.2001 58.4978 -80.9613 105.022 0.152028 1.59192 113 60 107 0 0 0 0
 271.000000 2.75436 59.7779 53.1348 56.4563 -72.4039 105.012 0.150698 1.59192 114 61 107 0 0 0 0
 272.000000 2.83287 57.2783 52.4081 54.8432 -80.1103 105.003 0.149259 1.59192 115 59 1097 0 0 0 0
 273.000000 2.85904 60.5386 60.8434 60.691 -34.9171 104.993 0.149169 1.59192 115 59 1097 0 0 0 0
 274.000000 2.89901 57.162 56.9069 57.0345 -58.1207 104.984 0.148026 1.59192 116 60 1097 0 0 0 0
 275.000000 2.9759 51.2648 55.1569 53.2108 -90.7599 104.975 0.146514 1.59192 117 61 1097 0 0 0 0
 276.000000 3.00249 55.4035 55.6239 55.5137 -50.6656 104.965 0.145505 1.59192 118 62 1097 0 0 0 0
 277.000000 3.05097 59.488 59.1096 59.2988 -30.2991 104.956 0.145462 1.59192 118 62 1097 0 0 0 0
 278.000000 3.13279 56.0918 50.441 53.2664 -73.5051 104.947 0.144174 1.59192 119 63 1097 0 0 0 0
 279.000000 3.14638 55.5051 47.096 51.3005 -70.7747 104.938 0.142948 1.59192 120 53 3246 0 0 0 0
 280.000000 3.1717 53.2364 44.671 48.9537 -78.2213 104.928 0.141662 1.59192 121 54 3246 0 0 0 0
 281.000000 3.21928 52.6243 46.4733 49.5488 -55.4943 104.919 0.141462 1.59192 121 54 3246 0 0 0 0
 282.000000 3.29998 55.0262 58.8129 56.9195 -82.6282 104.91 0.140171 1.59192 122 55 3246 0 0 0 0
 283.000000 3.31978 54.752 56.3079 55.53 -57.8755 104.901 0.139964 1.59192 122 55 3246 0 0 0 0
 284.000000 3.32228 53.059 52.8124 52.9357 -66.7891 104.892 0.13879 1.59192 123 56 3246 0 0 0 0
 285.000000 3.31334 56.3825 59.6237 58.0031 -31.2623 104.883 0.138667 1.59192 123 56 3246 0 0 0 0
 286.000000 3.30428 60.9032 60.8425 60.8728 -13.7459 104.874 0.138632 1.59192 123 55 3568 0 0 0 0
 287.000000 3.26218 59.9643 58.4073 59.1858 -8.27326 104.865 0.138621 1.59192 123 55 3568 0 0 0 0
 288.000000 3.17885 60.5135 58.294 59.4038 -17.4765 104.856 0.138485 1.59192 123 55 3568 0 0 0 0
 289.000000 3.12681 56.3005 58.7045 57.5025 -20.1384 104.847 0.13789 1.59192 124 58 1444 0 0 0 0
 290.000000 3.09658 63.1222 62.2507 62.6864 -23.6437 104.838 0.137269 1.59192 125 61 892 0 0 0 0
 291.000000 3.09675 64.5486 64.5382 64.5434 -10.0833 104.829 0.137418 1.59192 125 61 892 0 0 0 0
 292.000000 3.14397 63.7536 62.0585 62.9061 -2.2755 104.821 0.137394 1.59192 125 61 892 0 0 0 0
 293.000000 3.18216 64.0233 63.4823 63.7528 8.87133 104.812 0.137191 1.59192 126 62 892 0 0 0 0
 294.000000 3.17672 66.7782 66.3977 66.588 -11.7832 104.803 0.137127 1.59192 126 60 1766 0 0 0 0
 295.000000 3.18803 71.8863 69.7622 70.8243 -63.996 104.794 0.136787 1.59192 126 60 458 0 0 0 0
 296.000000 3.21628 68.9098 65.1783 67.044 -5.99373 104.786 0.136688 1.59192 126 60 458 0 0 0 0
 297.000000 3.31654 70.6272 68.7156 69.6714 -51.4364 104.777 0.135768 1.59192 127 61 458 0 0 0 0
 298.000000 3.36422 67.1216 68.8232 67.9724 -15.1904 104.769 0.136292 1.59192 126 60 458 0 0 0 0
 299.000000 3.37423 66.5898 63.827 65.2084 -0.658979 104.76 0.136258 1.59192 126 60 458 0 0 0 0
 300.000000 3.40837 59.7517 61.0626 60.4072 -7.06391 104.751 0.13589 1.59192 127 55 2431 0 0 0 0
 301.000000 3.40019 58.7492 63.3552 61.0522 11.0004 104.743 0.136014 1.59192 127 53 580 0 0 0 0
 302.000000 3.39287 63.733 64.6104 64.1717 15.0601 104.734 0.135911 1.59192 128 53 421 0 0 0 0
 303.000000 3.40761 66.8452 62.7048 64.775 28.7441 104.726 0.136036 1.59192 128 53 421 0 0 0 0
 304.000000 3.44158 68.234 65.1532 66.6936 29.1787 104.717 0.136222 1.59192 128 53 421 0 0 0 0
 305.000000 3.44949 71.1513 70.7448 70.9481 -8.06561 104.709 0.136268 1.59192 128 51 1433 0 0 0 0
 306.000000 3.49728 75.5852 72.1968 73.891 -63.0193 104.701 0.135201 1.59192 129 52 572 0 0 0 0
 307.000000 3.52118 67.5279 69.5786 68.5533 3.91174 104.692 0.135117 1.59192 129 52 572 4.48408 179363 0 0
 308.000000 3.53949 67.092 66.4103 66.7512 6.92871 104.684 0.134853 1.59192 130 52 1086 15.5946 623784 0 0
 309.000000 3.52147 65.1005 64.1074 64.6039 21.7489 104.676 0.13495 1.59192 130 52 477 4.60767 184307 0 0
 310.000000 3.5145 63.5086 60.0987 61.8036 17.1689 104.667 0.1352 1.59192 129 52 452 2.1025 84100.2 0 0
 311.000000 3.51636 56.0836 59.2438 57.6637 -11.2435 104.659 0.135159 1.59192 129 52 546 2.67764 107106 0 0
 312.000000 3.51319 59.7633 60.0932 59.9282 24.5183 104.651 0.135146 1.59192 129 52 546 1.7386 69544 0 0
 313.000000 3.51592 59.2035 55.5172 57.3604 10.3382 104.643 0.135116 1.59192 129 52 546 2.53506 101402 0 0
 314.000000 3.48103 58.7745 57.9669 58.3707 34.7959 104.635 0.135263 1.59192 129 52 546 0 0 0 0
 315.000000 3.4196 56.4514 51.2896 53.8705 -29.839 104.626 0.135105 1.59192 129 52 2060 0 0 0 0
 316.000000 3.43547 52.6622 47.8181 50.2402 -83.5134 104.618 0.133913 1.59192 130 53 2060 0 0 0 0
 317.000000 3.53451 51.2448 51.0921 51.1685 -77.6095 104.61 0.132805 1.59192 131 54 2060 11.9116 476465 0 0
 318.000000 3.5091 52.0863 54.9828 53.5346 -23.1907 104.602 0.132645 1.59192 131 54 2060 0.828825 33153 0 0
 319.000000 3.51045 51.9821 58.5331 55.2576 16.6606 104.594 0.132638 1.59192 131 54 2060 1.0911 43644.1 0 0
 320.000000 3.52743 53.7021 53.6006 53.6513 5.4919 104.586 0.132517 1.59192 131 54 2060 7.52183 300873 0 0
 321.000000 3.50997 46.1826 49.3128 47.7477 -81.3577 104.578 0.13141 1.59192 132 55 2060 0.993923 39756.9 0 0
 322.000000 3.50084 51.3586 50.5965 50.9776 -13.5009 104.57 0.131402 1.59192 132 55 2060 0.00712109 284.844 0 0
 323.000000 3.49815 55.1701 56.1005 55.6353 43.4827 104.562 0.131463 1.59192 132 55 2060 0 0 0 0
 324.000000 3.46068 60.6625 60.3689 60.5157 51.2122 104.554 0.131702 1.59192 132 55 2060 0 0 0 0
 325.000000 3.43769 63.9006 63.7777 63.8391 50.7141 104.546 0.131582 1.59192 131 54 4752 0 0 0 0
 326.000000 3.40765 63.0161 65.4673 64.2417 60.0313 104.539 0.131589 1.59192 131 54 4752 0 0 0 0
 327.000000 3.34711 59.1239 60.7321 59.928 29.808 104.531 0.131607 1.59192 131 54 4752 0 0 0 0
 328.000000 3.30821 56.1865 57.0844 56.6355 8.11791 104.523 0.131481 1.59192 131 61 1894 0 0 0 0
 329.000000 3.26759 50.5661 53.3617 51.9639 -43.2394 104.515 0.131283 1.59192 131 61 1894 0 0 0 0
 330.000000 3.21393 57.423 56.4813 56.9521 1.75622 104.507 0.131022 1.59192 132 62 1894 0 0 0 0
 331.000000 3.10723 63.1495 58.8295 60.9895 12.3859 104.5 0.131111 1.59192 132 62 1894 0 0 0 0
 332.000000 2.99417 64.093 59.7234 61.9082 4.65806 104.492 0.131208 1.59192 132 68 1689 0 0 0 0
 333.000000 2.92972 60.2413 57.2909 58.7661 -14.3891 104.484 0.131191 1.59192 132 68 1689 0 0 0 0
 334.000000 2.86837 58.8022 57.881 58.3416 -11.1457 104.477 0.131288 1.59192 132 68 1689 0 0 0 0
 335.000000 2.80067 63.1909 64.1522 63.6716 -29.2106 104.469 0.130733 1.59192 133 76 253 0 0 0 0
 336.000000 2.80451 61.2386 65.3311 63.2849 -8.7678 104.461 0.130797 1.59192 133 76 253 0 0 0 0
 337.000000 2.80624 69.7282 68.0782 68.9032 -39.2534 104.454 0.130663 1.59192 133 76 874 0 0 0 0
 338.000000 2.80533 65.3016 64.8509 65.0762 0.473162 104.446 0.13076 1.59192 133 76 874 0 0 0 0
 339.000000 2.81172 68.8132 65.8903 67.3518 -0.811814 104.439 0.130749 1.59192 133 76 874 0 0 0 0
 340.000000 2.8803 68.4447 66.0962 67.2704 -5.0171 104.431 0.130456 1.59192 134 77 874 0 0 0 0
 341.000000 2.97207 68.9152 66.0633 67.4893 -18.74 104.424 0.130426 1.59192 134 77 874 0 0 0 0
 342.000000 2.99349 65.9633 64.5358 65.2495 11.1668 104.416 0.130323 1.59192 135 78 874 0 0 0 0
 343.000000 3.00019 71.2267 65.6372 68.432 -11.4827 104.409 0.130398 1.59192 135 78 874 0 0 0 0
 344.000000 3.0426 74.5576 69.8882 72.2229 -77.369 104.401 0.129338 1.59192 136 79 874 0 0 0 0
 345.000000 3.06845 73.3202 67.8863 70.6032 -34.9316 104.394 0.129298 1.59192 136 79 874 0 0 0 0
 346.000000 3.0832 68.3538 65.2815 66.8177 11.1139 104.386 0.129296 1.59192 136 79 874 0 0 0 0
 347.000000 3.07173 68.4759 67.9212 68.1986 11.6573 104.379 0.12913 1.59192 137 80 874 0 0 0 0
 348.000000 3.0569 69.0095 64.3505 66.68 36.2704 104.372 0.129309 1.59192 137 80 874 0 0 0 0
 349.000000 3.04985 62.3929 60.0441 61.2185 28.1188 104.364 0.129473 1.59192 137 75 6151 0 0 0 0
 350.000000 3.05013 55.7058 55.1879 55.4469 -25.5266 104.357 0.129466 1.59192 137 75 160 0 0 0 0
 351.000000 3.07039 55.6558 56.7031 56.1795 -1.08578 104.35 0.129566 1.59192 137 75 160 0 0 0 0
 352.000000 3.10093 59.074 60.2453 59.6597 27.5381 104.343 0.129636 1.59192 137 75 160 0 0 0 0
 353.000000 3.13077 56.0077 56.6412 56.3244 11.8969 104.335 0.129998 1.59192 136 74 160 0 0 0 0
 354.000000 3.19405 62.1266 63.8318 62.9792 26.5998 104.328 0.130034 1.59192 136 70 2390 0 0 0 0
 355.000000 3.23823 62.1877 57.6123 59.9 32.4986 104.321 0.130009 1.59192 136 70 2390 0 0 0 0
 356.000000 3.22243 63.5708 62.651 63.1109 38.3863 104.314 0.130054 1.59192 136 70 2390 0 0 0 0
 357.000000 3.20179 70.5824 66.9554 68.7689 0.481999 104.307 0.130053 1.59192 136 69 1249 0 0 0 0
 358.000000 3.19817 65.8504 65.7214 65.7859 36.4663 104.299 0.130056 1.59192 136 69 1249 0 0 0 0
 359.000000 3.19856 66.8215 63.1017 64.9616 50.6979 104.292 0.130175 1.59192 136 69 1249 0 0 0 0
 360.000000 3.23848 61.5971 60.1584 60.8777 47.3454 104.285 0.130225 1.59192 136 69 1541 0 0 0 0
 361.000000 3.27337 66.0014 65.7616 65.8815 35.9075 104.278 0.130339 1.59192 137 70 710 0 0 0 0
 362.000000 3.29564 72.3923 65.4981 68.9452 -0.159357 104.271 0.130333 1.59192 137 70 710 0 0 0 0
 363.000000 3.26458 73.2439 72.3102 72.777 -64.8578 104.264 0.129376 1.59192 138 69 781 0 0 0 0
 364.000000 3.2755 69.7904 66.4571 68.1237 26.7961 104.257 0.129478 1.59192 138 69 781 0 0 0 0
 365.000000 3.32676 71.9292 71.4734 71.7013 -21.9679 104.25 0.128977 1.59192 139 70 781 0 0 0 0
 366.000000 3.38799 69.3677 64.6202 66.9939 49.1502 104.243 0.128992 1.59192 139 70 781 0 0 0 0
 367.000000 3.38087 64.5756 64.6034 64.5895 62.366 104.236 0.129045 1.59192 139 70 781 0 0 0 0
 368.000000 3.33357 63.2868 58.8194 61.0531 49.8143 104.229 0.129041 1.59192 139 67 2308 0 0 0 0
 369.000000 3.32423 64.8811 61.4552 63.1681 58.5119 104.222 0.129146 1.59192 139 67 2308 0 0 0 0
 370.000000 3.32085 63.1782 61.8342 62.5062 67.6103 104.215 0.129267 1.59192 139 67 2308 0 0 0 0
 371.000000 3.39344 59.0494 54.554 56.8017 19.9025 104.208 0.129165 1.59192 139 69 1615 0 0 0 0
 372.000000 3.41068 57.6994 60.6493 59.1743 48.518 104.202 0.12917 1.59192 139 69 1615 0 0 0 0
 373.000000 3.41308 57.086 55.5062 56.2961 37.825 104.195 0.129151 1.59192 139 69 1615 0 0 0 0
 374.000000 3.3751 58.8869 58.7074 58.7972 56.9422 104.188 0.129231 1.59192 139 69 1615 0 0 0 0
 375.000000 3.35015 50.2977 53.7579 52.0278 -23.8433 104.181 0.129136 1.59192 139 67 2142 0 0 0 0
 376.000000 3.36726 51.8884 56.7245 54.3065 19.9149 104.174 0.129097 1.59192 139 67 2142 0 0 0 0
 377.000000 3.34562 49.7127 49.1913 49.452 -47.6527 104.168 0.128312 1.59192 140 68 2142 0 0 0 0
 378.000000 3.31742 44.2628 48.7613 46.512 -80.8364 104.161 0.127321 1.59192 141 69 2142 0 0 0 0
 379.000000 3.26299 51.5012 45.0562 48.2787 -34.7471 104.154 0.12673 1.59192 142 70 2142 0 0 0 0
 380.000000 3.22645 55.5944 57.5073 56.5509 22.4001 104.147 0.126677 1.59192 142 70 2142 0 0 0 0
 381.000000 3.2053 53.8939 56.106 54.9999 11.2847 104.141 0.126616 1.59192 142 70 2142 0 0 0 0
 382.000000 3.17237 54.1476 52.0525 53.1 -2.96438 104.134 0.127029 1.59192 141 69 2142 0 0 0 0
 383.000000 3.14648 50.218 50.5339 50.3759 -14.9782 104.127 0.126942 1.59192 141 69 2142 0 0 0 0
 384.000000 3.07707 52.8616 54.0208 53.4412 -1.66922 104.121 0.126601 1.59192 142 79 4582 0 0 0 0
 385.000000 2.98841 51.1972 50.1955 50.6963 -71.8196 104.114 0.125707 1.59192 143 80 4582 0 0 0 0
 386.000000 2.90541 53.2405 54.0032 53.6219 -47.1508 104.107 0.125036 1.59192 144 81 4582 0 0 0 0
 387.000000 2.86265 54.8899 56.6822 55.786 -15.7929 104.101 0.125141 1.59192 144 81 4582 0 0 0 0
 388.000000 2.78227 59.2096 61.9251 60.5674 -13.2599 104.094 0.124813 1.59192 145 89 1648 0 0 0 0
 389.000000 2.71214 60.4207 59.7809 60.1008 -25.5898 104.088 0.124447 1.59192 146 90 1648 0 0 0 0
 390.000000 2.70389 60.0705 58.9988 59.5347 -11.3229 104.081 0.124571 1.59192 146 90 1648 0 0 0 0
 391.000000 2.71296 52.7968 53.2063 53.0015 -83.2944 104.075 0.123638 1.59192 147 91 1648 0 0 0 0
 392.000000 2.70021 54.4511 57.6929 56.072 -31.8706 104.068 0.123623 1.59192 147 91 1648 0 0 0 0
 393.000000 2.70619 60.9869 61.6779 61.3324 3.44843 104.062 0.123773 1.59192 147 91 1648 0 0 0 0
 394.000000 2.69631 67.9144 62.2471 65.0808 -2.57888 104.055 0.12373 1.59192 147 99 3137 0 0 0 0
 395.000000 2.61353 70.1244 66.4581 68.2913 -41.277 104.049 0.123073 1.59192 148 99 408 0 0 0 0
 396.000000 2.53558 72.5739 68.0406 70.3072 -64.168 104.042 0.122294 1.59192 149 100 408 0 0 0 0
 397.000000 2.54977 68.975 66.3223 67.6487 -21.0765 104.036 0.122358 1.59192 149 100 408 0 0 0 0
 398.000000 2.57005 71.7276 73.0422 72.3849 -67.8945 104.03 0.121556 1.59192 150 101 408 0 0 0 0
 399.000000 2.61386 73.2806 71.1466 72.2136 -42.1294 104.023 0.12148 1.59192 150 101 408 0 0 0 0
 400.000000 2.67644 65.0989 67.5533 66.3261 6.5963 104.017 0.121463 1.59192 150 101 408 0 0 0 0
 401.000000 2.71184 71.4337 69.0235 70.2286 -17.331 104.01 0.121346 1.59192 150 101 408 0 0 0 0
 402.000000 2.74483 71.3319 67.7978 69.5648 3.02721 104.004 0.121301 1.59192 150 101 408 0 0 0 0
 403.000000 2.76884 75.7778 71.5865 73.6822 -79.6808 103.998 0.120399 1.59192 151 89 4052 0 0 0 0
 404.000000 2.84653 74.1509 73.0568 73.6039 -71.7881 103.991 0.119599 1.59192 152 90 4052 0 0 0 0
 405.000000 2.88273 73.6397 68.0531 70.8464 -27.7383 103.985 0.119487 1.59192 152 90 4052 0 0 0 0
 406.000000 2.93714 65.8564 63.5934 64.7249 16.3383 103.979 0.119657 1.59192 152 90 4052 0 0 0 0
 407.000000 2.91476 63.7645 61.9369 62.8507 17.5606 103.973 0.11973 1.59192 152 92 1836 0 0 0 0
 408.000000 2.89679 61.659 61.2397 61.4494 21.8951 103.966 0.119836 1.59192 152 92 1836 0 0 0 0
 409.000000 2.89252 61.5594 63.6861 62.6227 38.1428 103.96 0.119947 1.59192 151 91 1836 0 0 0 0
 410.000000 2.87801 58.7241 61.5353 60.1297 33.7124 103.954 0.119999 1.59192 151 93 1813 0 0 0 0
 411.000000 2.84009 55.1239 59.0784 57.1012 10.6432 103.948 0.120058 1.59192 151 93 1813 0 0 0 0
 412.000000 2.82015 65.1643 59.4416 62.303 42.9116 103.942 0.120221 1.59192 151 93 1813 0 0 0 0
 413.000000 2.79706 58.0043 60.7829 59.3936 32.9409 103.935 0.120375 1.59192 150 92 1813 0 0 0 0
 414.000000 2.76176 57.023 59.9582 58.4906 30.551 103.929 0.120422 1.59192 150 92 1813 0 0 0 0
 415.000000 2.74012 54.2069 51.329 52.768 -49.9711 103.923 0.12029 1.59192 150 97 2375 0 0 0 0
 416.000000 2.73546 48.7952 50.4233 49.6093 -83.2212 103.917 0.1194 1.59192 151 98 2375 0 0 0 0
 417.000000 2.71653 49.6964 53.0379 51.3671 -36.2317 103.911 0.119312 1.59192 151 98 2375 0 0 0 0
 418.000000 2.71873 48.7764 48.7326 48.7545 -53.1875 103.905 0.119125 1.59192 151 98 2375 0 0 0 0
 419.000000 2.73439 57.8109 53.4239 55.6174 2.38618 103.899 0.119071 1.59192 151 98 2375 0 0 0 0
 420.000000 2.73533 54.7407 54.9544 54.8476 10.4247 103.893 0.119026 1.59192 151 98 2375 0 0 0 0
 421.000000 2.70832 62.1028 54.0984 58.1006 28.8501 103.887 0.119143 1.59192 151 98 2375 0 0 0 0
 422.000000 2.65451 60.7786 57.4178 59.0982 22.3331 103.881 0.119369 1.59192 150 97 2375 0 0 0 0
 423.000000 2.59073 62.5594 63.0102 62.7848 17.3927 103.875 0.119718 1.59192 149 101 3984 0 0 0 0
 424.000000 2.50954 63.4854 64.0314 63.7584 8.61575 103.869 0.119889 1.59192 149 101 3984 0 0 0 0
 425.000000 2.47961 63.3249 70.4436 66.8843 -9.13595 103.863 0.119996 1.59192 149 97 1055 0 0 0 0
 426.000000 2.45369 69.4533 68.7647 69.109 -28.9129 103.857 0.119886 1.59192 149 97 1055 0 0 0 0
 427.000000 2.35041 66.3288 66.2476 66.2882 -80.2459 103.851 0.119042 1.59192 150 98 1055 0 0 0 0
 428.000000 2.30968 70.4465 70.7811 70.6138 -95.7628 103.845 0.11811 1.59192 151 99 1055 0 0 0 0
 429.000000 2.22677 69.6052 65.8132 67.7092 -88.3921 103.839 0.117238 1.59192 152 100 1055 0 0 0 0
 430.000000 2.1816 65.6562 64.0785 64.8673 -67.4439 103.833 0.116561 1.59192 153 101 1055 0 0 0 0
 431.000000 2.2179 66.9119 62.0082 64.4601 -40.2632 103.827 0.116565 1.59192 153 101 1055 0 0 0 0
 432.000000 2.20873 69.7339 69.8074 69.7706 -70.4674 103.821 0.115835 1.59192 154 102 1055 0 0 0 0
 433.000000 2.13961 68.795 69.185 68.99 -65.9134 103.815 0.115145 1.59192 155 103 1055 0 0 0 0
 434.000000 2.06247 69.7459 69.2487 69.4973 -71.4115 103.809 0.114429 1.59192 156 93 4501 0 0 0 0
 435.000000 2.03942 72.4146 72.9888 72.7017 -88.5671 103.803 0.113607 1.59192 157 94 4501 0 0 0 0
 436.000000 2.02607 69.8126 67.5117 68.6622 -39.8949 103.798 0.11358 1.59192 157 94 4501 0 0 0 0
 437.000000 2.06461 66.1432 67.7904 66.9668 -20.7349 103.792 0.113611 1.59192 157 94 4501 0 0 0 0
 438.000000 2.07807 68.3061 66.5214 67.4138 -4.11509 103.786 0.113661 1.59192 157 94 4501 0 0 0 0
 439.000000 2.11146 70.5437 73.8346 72.1891 -57.9861 103.78 0.113036 1.59192 158 95 4501 0 0 0 0
 440.000000 2.18343 74.3412 71.648 72.9946 -66.7791 103.774 0.112374 1.59192 159 96 4501 0 0 0 0
 441.000000 2.25658 66.4856 66.4218 66.4537 -29.118 103.769 0.112367 1.59192 159 96 4501 0 0 0 0
 442.000000 2.35353 65.2246 59.9257 62.5752 -58.4738 103.763 0.111802 1.59192 160 97 4501 0 0 0 0
 443.000000 2.36881 63.5945 63.8032 63.6989 -31.1243 103.757 0.111854 1.59192 160 108 4322 0 0 0 0
 444.000000 2.33481 65.144 65.5599 65.3519 -20.2506 103.751 0.111879 1.59192 160 108 4322 0 0 0 0
 445.000000 2.33662 60.0974 61.5505 60.824 -25.8195 103.746 0.111551 1.59192 161 107 442 0 0 0 0
 446.000000 2.34231 62.2215 61.9934 62.1074 -4.18276 103.74 0.11166 1.59192 161 107 442 0 0 0 0
 447.000000 2.348 58.8208 58.6518 58.7363 -13.275 103.734 0.111744 1.59192 161 107 442 0 0 0 0
 448.000000 2.33654 51.6863 56.2778 53.982 -63.3074 103.729 0.111587 1.59192 161 107 1307 0 0 0 0
 449.000000 2.27861 55.8939 57.8845 56.8892 -37.3133 103.723 0.111139 1.59192 162 108 1307 0 0 0 0
 450.000000 2.21798 59.2371 58.1972 58.7172 -31.0615 103.717 0.111184 1.59192 162 108 1307 0 0 0 0
 451.000000 2.16375 63.0885 60.7652 61.9269 -21.4315 103.712 0.110884 1.59192 163 109 1326 0 0 0 0
 452.000000 2.17213 59.1827 57.7663 58.4745 -23.5338 103.706 0.110556 1.59192 164 110 1326 0 0 0 0
 453.000000 2.15213 59.1817 57.7298 58.4557 -8.57589 103.7 0.110598 1.59192 164 110 956 0 0 0 0
 454.000000 2.16374 63.2105 60.0545 61.6325 1.23846 103.695 0.1107 1.59192 164 110 956 0 0 0 0
 455.000000 2.15234 65.6766 63.9695 64.823 3.79715 103.689 0.110768 1.59192 164 109 1173 0 0 0 0
 456.000000 2.11956 60.8507 63.9495 62.4001 23.6514 103.684 0.111038 1.59192 163 108 1173 0 0 0 0
 457.000000 2.10252 66.2143 66.8908 66.5526 15.4982 103.678 0.111064 1.59192 163 108 1173 0 0 0 0
 458.000000 2.11878 64.708 65.6875 65.1977 34.51 103.673 0.111145 1.59192 163 108 1173 0 0 0 0
 459.000000 2.13317 68.2389 69.3603 68.7996 8.25453 103.667 0.111177 1.59192 163 100 2156 0 0 0 0
 460.000000 2.19588 66.6136 66.7076 66.6606 19.6154 103.662 0.111266 1.59192 163 100 2156 0 0 0 0
 461.000000 2.28475 63.1335 59.327 61.2302 16.8725 103.656 0.111641 1.59192 162 108 873 0 0 0 0
 462.000000 2.34294 68.7057 61.9582 65.332 2.79705 103.651 0.111635 1.59192 162 108 873 0 0 0 0
 463.000000 2.32796 69.7201 67.561 68.6405 -30.6022 103.645 0.111189 1.59192 163 110 750 0 0 0 0
 464.000000 2.31699 69.7842 68.5014 69.1428 -16.581 103.64 0.111565 1.59192 162 109 750 0 0 0 0
 465.000000 2.28971 67.4798 65.6939 66.5869 21.7405 103.634 0.111608 1.59192 162 109 750 0 0 0 0
 466.000000 2.32643 67.1288 63.6077 65.3682 29.9597 103.629 0.111616 1.59192 162 109 750 0 0 0 0
 467.000000 2.31763 62.9094 61.9063 62.4078 31.677 103.623 0.111715 1.59192 162 109 750 0 0 0 0
 468.000000 2.35366 64.4016 61.148 62.7748 37.741 103.618 0.111749 1.59192 162 109 750 0 0 0 0
 469.000000 2.38759 65.5601 61.7213 63.6407 38.3614 103.612 0.111843 1.59192 162 109 750 0 0 0 0
 470.000000 2.48061 60.7867 53.8161 57.3014 -33.2305 103.607 0.111773 1.59192 162 112 3558 0 0 0 0
 471.000000 2.53337 56.2784 48.8941 52.5862 -87.205 103.602 0.110999 1.59192 163 113 544 0 0 0 0
 472.000000 2.50227 56.6066 52.9373 54.7719 -38.6004 103.596 0.110512 1.59192 164 114 544 0 0 0 0
 473.000000 2.44642 56.9435 51.3076 54.1255 -33.3535 103.591 0.110469 1.59192 164 114 544 0 0 0 0
 474.000000 2.43424 61.6682 57.3656 59.5169 -5.79468 103.585 0.110215 1.59192 165 115 544 0 0 0 0
 475.000000 2.47026 61.3551 60.3344 60.8447 14.1614 103.58 0.110328 1.59192 165 115 544 0 0 0 0
 476.000000 2.47374 59.2906 59.7663 59.5285 16.6677 103.575 0.110374 1.59192 165 115 544 0 0 0 0
 477.000000 2.49107 56.5741 56.3194 56.4468 9.04058 103.569 0.11039 1.59192 165 115 544 0 0 0 0
 478.000000 2.48403 59.7229 58.4265 59.0747 31.1476 103.564 0.110441 1.59192 165 115 544 0 0 0 0
 479.000000 2.4911 55.3312 55.8934 55.6123 17.4898 103.559 0.110524 1.59192 165 115 544 0 0 0 0
 480.000000 2.46237 49.9027 50.513 50.2079 -83.4148 103.554 0.109796 1.59192 166 110 4617 0 0 0 0
 481.000000 2.36304 52.7951 52.1943 52.4947 -43.7064 103.548 0.109665 1.59192 166 110 4617 0 0 0 0
 482.000000 2.27412 53.0369 52.9275 52.9822 -57.9521 103.543 0.109065 1.59192 167 111 4617 0 0 0 0
 483.000000 2.23241 53.6539 50.2704 51.9621 -62.2742 103.538 0.108919 1.59192 167 111 4617 0 0 0 0
 484.000000 2.2179 47.6548 51.9311 49.7929 -74.6948 103.532 0.108241 1.59192 168 112 4617 0 0 0 0
 485.000000 2.22576 49.9436 53.4713 51.7074 -27.5607 103.527 0.108189 1.59192 168 112 4617 0 0 0 0
 486.000000 2.2038 57.1493 55.8891 56.5192 -7.8858 103.522 0.108235 1.59192 168 112 4617 0 0 0 0
 487.000000 2.20621 56.9056 55.5452 56.2254 4.55223 103.517 0.108242 1.59192 168 112 4617 0 0 0 0
 488.000000 2.24907 58.1217 56.0571 57.0894 17.2001 103.512 0.10832 1.59192 168 112 4617 0 0 0 0
 489.000000 2.29477 56.4976 56.1447 56.3212 12.8281 103.506 0.108308 1.59192 168 112 4617 0 0 0 0
 490.000000 2.30361 53.1671 55.5554 54.3613 9.61678 103.501 0.108338 1.59192 168 112 4617 0 0 0 0
 491.000000 2.34874 52.8543 57.3007 55.0775 27.399 103.496 0.108342 1.59192 168 112 4617 0 0 0 0
 492.000000 2.34934 56.5143 60.0667 58.2905 35.4472 103.491 0.108386 1.59192 168 112 4617 0 0 0 0
 493.000000 2.37015 58.4534 60.4544 59.4539 43.2799 103.486 0.108463 1.59192 168 115 6532 0 0 0 0
 494.000000 2.35896 55.469 57.7487 56.6089 46.037 103.481 0.108445 1.59192 167 114 6532 0 0 0 0
 495.000000 2.35981 61.5948 60.3899 60.9924 56.8957 103.475 0.10857 1.59192 167 114 6532 0 0 0 0
 496.000000 2.34967 59.9597 62.2046 61.0821 67.4996 103.47 0.108669 1.59192 167 114 6532 0 0 0 0
 497.000000 2.35982 58.9101 63.1092 61.0097 75.2857 103.465 0.108762 1.59192 167 114 6532 0 0 0 0
 498.000000 2.41602 67.8085 68.0107 67.9096 1.91869 103.46 0.108751 1.59192 167 114 2308 0 0 0 0
 499.000000 2.42507 65.8126 66.3023 66.0575 30.6417 103.455 0.10879 1.59192 167 114 2308 0 0 0 0
 500.000000 2.46037 62.8899 68.3941 65.642 37.7084 103.45 0.108804 1.59192 167 114 2308 0 0 0 0
 501.000000 2.51738 59.8051 64.5372 62.1712 39.4346 103.445 0.108852 1.59192 167 114 2308 0 0 0 0
 502.000000 2.5595 58.107 62.9038 60.5054 36.077 103.44 0.1089 1.59192 167 114 2308 0 0 0 0
 503.000000 2.62036 62.218 65.554 63.886 33.4175 103.435 0.108901 1.59192 167 114 2308 0 0 0 0
 504.000000 2.6645 66.768 66.5298 66.6489 18.3 103.43 0.1089 1.59192 167 114 2308 0 0 0 0
 505.000000 2.69761 60.5393 65.4044 62.9719 28.5977 103.425 0.108886 1.59192 167 114 2308 0 0 0 0
 506.000000 2.71234 62.7323 64.1831 63.4577 39.0639 103.42 0.108883 1.59192 167 114 2308 0 0 0 0
 507.000000 2.73152 64.0013 63.6066 63.804 47.9212 103.415 0.108898 1.59192 167 114 2308 0 0 0 0
 508.000000 2.70701 63.4922 60.8435 62.1678 56.5081 103.41 0.108895 1.59192 167 114 2308 0 0 0 0
 509.000000 2.65661 59.0609 57.6847 58.3728 35.1947 103.405 0.108869 1.59192 167 119 5841 0 0 0 0
 510.000000 2.6017 59.3385 58.5607 58.9496 35.7328 103.4 0.108987 1.59192 168 120 5841 0 0 0 0
 511.000000 2.59122 54.1792 50.4592 52.3192 -45.9155 103.395 0.108874 1.59192 168 116 868 0 0 0 0
 512.000000 2.58066 55.8012 51.5069 53.654 -9.88942 103.39 0.108872 1.59192 168 116 868 0 0 0 0
 513.000000 2.59973 57.0701 56.8224 56.9463 23.3386 103.385 0.108973 1.59192 168 116 868 0 0 0 0
 514.000000 2.60176 56.8916 57.0748 56.9832 35.8208 103.38 0.109036 1.59192 168 116 868 0 0 0 0
 515.000000 2.61652 53.3599 49.3596 51.3597 -25.593 103.375 0.108616 1.59192 169 117 868 0 0 0 0
 516.000000 2.62301 49.0168 50.4952 49.756 -39.6674 103.37 0.108479 1.59192 169 117 868 0 0 0 0
 517.000000 2.61245 53.7676 56.3517 55.0596 26.1058 103.365 0.108441 1.59192 169 117 868 0 0 0 0
 518.000000 2.61796 53.4894 56.5445 55.017 37.0435 103.36 0.10841 1.59192 169 117 868 0 0 0 0
 519.000000 2.65338 53.6275 53.6612 53.6444 27.1148 103.355 0.108415 1.59192 170 118 868 0 0 0 0
 520.000000 2.69501 56.1547 52.579 54.3669 34.975 103.351 0.108472 1.59192 170 118 868 0 0 0 0
 521.000000 2.72997 58.8188 55.6911 57.255 52.0663 103.346 0.108536 1.59192 170 118 868 0 0 0 0
 522.000000 2.76759 54.4708 48.6451 51.558 -12.0455 103.341 0.108446 1.59192 170 118 868 0 0 0 0
 523.000000 2.86482 51.4136 50.6746 51.0441 -58.4553 103.336 0.107877 1.59192 171 119 868 0 0 0 0
 524.000000 2.89069 50.6863 48.1355 49.4109 -63.3574 103.331 0.107324 1.59192 172 120 868 0 0 0 0
 525.000000 2.89876 55.3975 52.7128 54.0552 -9.00863 103.326 0.107357 1.59192 172 120 868 0 0 0 0
 526.000000 2.93465 51.14 53.5618 52.3509 -14.1266 103.322 0.107427 1.59192 172 120 868 0 0 0 0
 527.000000 2.96719 58.4 58.6626 58.5313 17.9267 103.317 0.107407 1.59192 172 111 7849 0 0 0 0
 528.000000 2.97265 55.7444 58.8957 57.3201 20.0939 103.312 0.107438 1.59192 172 111 7849 0 0 0 0
 529.000000 2.98834 58.1466 55.9967 57.0717 30.3109 103.307 0.107499 1.59192 172 111 7849 0 0 0 0
 530.000000 3.04495 53.7902 55.2989 54.5446 13.1465 103.302 0.107515 1.59192 172 111 7849 0 0 0 0
 531.000000 3.0858 60.5133 58.7734 59.6433 32.7145 103.298 0.107522 1.59192 172 111 7849 0 0 0 0
 532.000000 3.13427 61.5573 61.3884 61.4728 42.736 103.293 0.107583 1.59192 172 105 2601 0 0 0 0
 533.000000 3.15183 59.7378 60.0667 59.9022 46.5937 103.288 0.107625 1.59192 172 105 2601 0 0 0 0
 534.000000 3.21358 57.1851 58.2975 57.7413 39.9433 103.283 0.107683 1.59192 172 105 2601 0 0 0 0
 535.000000 3.25347 60.1458 59.6679 59.9069 56.4111 103.279 0.10767 1.59192 172 105 2601 0 0 0 0
 536.000000 3.26708 63.1848 62.4833 62.8341 62.8012 103.274 0.10771 1.59192 172 105 2601 0 0 0 0
 537.000000 3.22881 64.9743 67.6917 66.333 44.6702 103.269 0.107763 1.59192 172 98 2390 0 0 0 0
 538.000000 3.19193 72.919 72.5464 72.7327 -48.3454 103.264 0.107259 1.59192 173 99 764 0 0 0 0
 539.000000 3.15843 72.2658 68.4742 70.37 -3.10753 103.26 0.107222 1.59192 173 99 764 0 0 0 0
 540.000000 3.12243 71.4164 69.1388 70.2776 4.44986 103.255 0.107246 1.59192 173 99 764 0 0 0 0
 541.000000 3.06153 73.5215 74.1015 73.8115 -60.7692 103.25 0.106673 1.59192 174 100 764 0 0 0 0
 542.000000 3.03554 70.6728 69.2923 69.9826 5.45318 103.246 0.106761 1.59192 174 100 764 0 0 0 0
 543.000000 3.00477 66.1569 67.1157 66.6363 29.9966 103.241 0.106916 1.59192 173 99 764 0 0 0 0
 544.000000 3.02193 63.9471 64.4577 64.2024 42.4632 103.236 0.106937 1.59192 173 99 764 0 0 0 0
 545.000000 3.01933 61.957 62.0879 62.0224 49.8907 103.232 0.106905 1.59192 173 115 3250 0 0 0 0
 546.000000 3.04216 61.1612 59.1076 60.1344 55.216 103.227 0.106969 1.59192 173 115 3250 0 0 0 0
 547.000000 3.0372 63.5135 60.2262 61.8698 64.2165 103.222 0.106974 1.59192 173 115 3250 0 0 0 0
 548.000000 3.04227 63.2362 60.316 61.7761 71.7212 103.218 0.106989 1.59192 173 115 3250 0 0 0 0
 549.000000 3.07266 58.1133 57.2337 57.6735 46.0266 103.213 0.107021 1.59192 173 115 3250 0 0 0 0
 550.000000 3.11137 55.7461 54.7972 55.2716 34.1822 103.209 0.107058 1.59192 173 108 2347 0 0 0 0
 551.000000 3.1544 53.3497 56.2049 54.7773 37.4436 103.204 0.107089 1.59192 173 108 2347 0 0 0 0
 552.000000 3.17429 52.7427 52.4526 52.5976 18.267 103.199 0.107058 1.59192 173 102 1248 0 0 0 0
 553.000000 3.23705 53.2951 52.7085 53.0018 13.9012 103.195 0.106931 1.59192 174 103 1248 0 0 0 0
 554.000000 3.29828 56.2822 56.2911 56.2867 34.1517 103.19 0.106902 1.59192 174 103 1248 0 0 0 0
 555.000000 3.30112 59.3445 57.5818 58.4632 55.1679 103.186 0.106974 1.59192 174 103 1248 0 0 0 0
 556.000000 3.35277 59.1376 56.8029 57.9702 57.1549 103.181 0.107046 1.59192 174 96 1972 0 0 0 0
 557.000000 3.3765 60.2885 57.2742 58.7814 64.453 103.177 0.107106 1.59192 174 96 1972 0 0 0 0
 558.000000 3.37598 62.048 59.4026 60.7253 69.3417 103.172 0.10681 1.59192 173 95 1972 0 0 0 0
 559.000000 3.42498 63.252 61.8848 62.5684 65.0884 103.168 0.106808 1.59192 173 95 1972 0 0 0 0
 560.000000 3.48897 68.4802 64.2116 66.3459 34.6227 103.163 0.106863 1.59192 173 82 2053 0 0 0 0
 561.000000 3.5793 64.5754 60.1518 62.3636 -15.4588 103.158 0.106504 1.59192 174 83 2053 62.8924 2.5157e+06 0 0
 562.000000 3.53537 67.1784 63.3195 65.249 24.9432 103.154 0.106516 1.59192 174 83 2053 12.5126 500502 0 0
 563.000000 3.50083 69.1321 66.652 67.892 29.3552 103.149 0.106644 1.59192 174 83 2053 0.00692685 277.074 0 0
 564.000000 3.50352 71.1881 68.8208 70.0044 10.9895 103.145 0.106633 1.59192 174 75 1938 0.124195 4967.81 0 0
 565.000000 3.50353 74.8227 74.4357 74.6292 -61.8763 103.14 0.106513 1.59192 174 75 1938 0.124864 4994.55 0 0
 566.000000 3.52593 73.34 71.1847 72.2623 -18.9644 103.136 0.106184 1.59192 175 76 1938 6.72245 268898 0 0
 567.000000 3.52376 70.5816 68.2707 69.4262 27.0344 103.132 0.106182 1.59192 175 76 1938 5.64755 225902 0 0
 568.000000 3.52372 70.6094 64.3536 67.4815 45.1715 103.127 0.106162 1.59192 174 75 1938 5.62839 225136 0 0
 569.000000 3.52798 64.2532 62.4564 63.3548 40.4051 103.123 0.106172 1.59192 174 75 1938 7.82681 313072 0 0
 570.000000 3.51179 64.646 59.3238 61.9849 52.5258 103.118 0.106173 1.59192 174 79 2865 1.38905 55562 0 0
 571.000000 3.5003 62.3687 65.8139 64.0913 66.6236 103.114 0.106213 1.59192 174 79 2865 0.000890189 35.6076 0 0
 572.000000 3.52626 57.9943 60.1018 59.048 37.8267 103.109 0.106178 1.59192 174 79 2865 6.89741 275896 0 0
 573.000000 3.53723 59.9882 58.5332 59.2607 42.3409 103.105 0.106146 1.59192 174 77 1620 13.8615 554461 0 0
 574.000000 3.54594 63.4488 62.214 62.8314 52.7445 103.101 0.106299 1.59192 174 78 626 21.1065 844262 0 0
 575.000000 3.49762 64.6851 65.2542 64.9697 75.7306 103.096 0.106336 1.59192 174 78 626 0 0 0 0
 576.000000 3.46078 61.1064 61.9005 61.5035 79.5719 103.092 0.106374 1.59192 174 78 626 0 0 0 0
 577.000000 3.40255 65.8538 65.4199 65.6368 68.7782 103.087 0.106424 1.59192 174 78 626 0 0 0 0
 578.000000 3.3462 71.9261 66.6243 69.2752 14.729 103.083 0.106453 1.59192 174 92 1987 0 0 0 0
 579.000000 3.32149 68.643 67.8311 68.2371 37.1354 103.079 0.106469 1.59192 174 92 1987 0 0 0 0
 580.000000 3.29753 72.4922 72.4157 72.4539 -22.1061 103.074 0.106751 1.59192 173 91 1987 0 0 0 0
 581.000000 3.27444 75.6708 74.625 75.1479 -66.0022 103.07 0.106164 1.59192 174 92 1987 0 0 0 0
 582.000000 3.26201 66.8002 70.643 68.7216 37.3836 103.066 0.106165 1.59192 174 92 1987 0 0 0 0
 583.000000 3.26338 67.6476 66.7291 67.1883 52.2562 103.061 0.106176 1.59192 174 92 1987 0 0 0 0
 584.000000 3.28747 67.6372 64.1048 65.871 61.7617 103.057 0.106203 1.59192 174 92 1987 0 0 0 0
 585.000000 3.27426 65.05 64.8519 64.9509 68.9455 103.052 0.106264 1.59192 174 92 1987 0 0 0 0
 586.000000 3.22838 62.8494 60.9826 61.916 66.0619 103.048 0.106352 1.59192 174 92 1987 0 0 0 0
 587.000000 3.17756 65.3127 66.4514 65.882 57.2749 103.044 0.106339 1.59192 174 103 4372 0 0 0 0
 588.000000 3.13021 66.9101 62.4432 64.6767 53.755 103.04 0.106625 1.59192 175 104 4372 0 0 0 0
 589.000000 3.1276 69.4405 68.5453 68.9929 33.9587 103.035 0.106675 1.59192 175 107 1201 0 0 0 0
 590.000000 3.12002 70.0959 67.6409 68.8684 43.7718 103.031 0.106742 1.59192 175 107 1201 0 0 0 0
 591.000000 3.06826 70.3225 65.2115 67.767 46.7364 103.027 0.106677 1.59192 174 106 1201 0 0 0 0
 592.000000 3.0755 65.4411 65.0537 65.2474 61.8315 103.022 0.106731 1.59192 174 106 1201 0 0 0 0
 593.000000 3.0449 64.5107 64.0168 64.2637 69.1976 103.018 0.106794 1.59192 174 106 1201 0 0 0 0
 594.000000 2.99153 72.102 71.4046 71.7533 -19.2215 103.014 0.106735 1.59192 174 106 1201 0 0 0 0
 595.000000 2.90317 71.4001 70.5982 70.9991 -20.099 103.01 0.106689 1.59192 174 106 1201 0 0 0 0
 596.000000 2.9011 76.2303 73.2384 74.7343 -68.8404 103.005 0.106121 1.59192 175 116 3275 0 0 0 0
 597.000000 2.93618 69.9294 65.7792 67.8543 21.1457 103.001 0.106141 1.59192 175 116 3275 0 0 0 0
 598.000000 2.88952 69.1013 68.5389 68.8201 12.9628 102.997 0.106153 1.59192 175 116 3275 0 0 0 0
 599.000000 2.88922 67.7156 65.8981 66.8069 30.401 102.993 0.10618 1.59192 175 116 3275 0 0 0 0
 600.000000 2.87851 70.8549 69.0216 69.9383 18.2267 102.988 0.106187 1.59192 175 116 3275 0 0 0 0
 601.000000 2.83908 67.2794 65.98 66.6297 30.0813 102.984 0.106248 1.59192 175 116 3275 0 0 0 0
 602.000000 2.87004 67.1958 65.0067 66.1012 44.86 102.98 0.106291 1.59192 175 116 3275 0 0 0 0
 603.000000 2.89351 64.2897 66.7677 65.5287 55.1288 102.976 0.106358 1.59192 175 119 3580 0 0 0 0
 604.000000 2.87939 62.057 63.0135 62.5352 48.5281 102.972 0.106367 1.59192 175 119 3580 0 0 0 0
 605.000000 2.88809 61.0236 60.8506 60.9371 48.1444 102.968 0.10635 1.59192 175 119 3580 0 0 0 0
 606.000000 2.87269 60.1605 57.9944 59.0774 43.1901 102.963 0.106428 1.59192 175 119 3580 0 0 0 0
 607.000000 2.87685 60.4544 57.9854 59.2199 53.5591 102.959 0.106489 1.59192 175 119 3580 0 0 0 0
 608.000000 2.88545 54.3913 55.3397 54.8655 15.0624 102.955 0.106648 1.59192 174 119 2335 0 0 0 0
 609.000000 2.83194 54.1605 52.747 53.4537 11.1506 102.951 0.106642 1.59192 174 119 2335 0 0 0 0
 610.000000 2.82891 49.4795 47.0424 48.2609 -59.5043 102.947 0.106125 1.59192 175 118 1050 0 0 0 0
 611.000000 2.86572 50.1781 45.3125 47.7453 -50.3866 102.943 0.106091 1.59192 175 118 1050 0 0 0 0
 612.000000 2.93551 52.5109 47.9735 50.2422 -23.7842 102.938 0.106169 1.59192 175 118 1050 0 0 0 0
 613.000000 2.99446 49.013 45.3571 47.185 -80.1065 102.934 0.105544 1.59192 176 119 1050 0 0 0 0
 614.000000 3.03028 51.291 49.5417 50.4163 -31.9296 102.93 0.105161 1.59192 177 120 1050 0 0 0 0
 615.000000 3.04069 51.7366 54.4973 53.117 11.0326 102.926 0.105139 1.59192 177 120 1050 0 0 0 0
 616.000000 3.01042 53.2379 55.3209 54.2794 28.5894 102.922 0.105166 1.59192 177 120 1050 0 0 0 0
 617.000000 2.95164 52.8133 54.9532 53.8833 30.8629 102.918 0.105213 1.59192 177 120 1050 0 0 0 0
 618.000000 2.9495 56.7705 58.3764 57.5735 54.1354 102.914 0.105198 1.59192 177 120 1050 0 0 0 0
 619.000000 2.93827 61.0518 60.1043 60.5781 62.3708 102.91 0.105549 1.59192 178 121 4648 0 0 0 0
 620.000000 2.91074 61.7005 64.2649 62.9827 65.3341 102.906 0.105558 1.59192 178 121 4648 0 0 0 0
 621.000000 2.89459 65.6671 63.1638 64.4155 69.2739 102.902 0.105567 1.59192 178 121 4648 0 0 0 0
 622.000000 2.87019 69.6851 68.3127 68.9989 43.9238 102.897 0.105631 1.59192 178 122 1302 0 0 0 0
 623.000000 2.79413 67.3415 65.5672 66.4543 42.9769 102.893 0.105625 1.59192 178 122 1302 0 0 0 0
 624.000000 2.75664 65.5173 67.0966 66.3069 43.1787 102.889 0.105631 1.59192 178 122 1302 0 0 0 0
 625.000000 2.7163 67.6599 69.7143 68.6871 21.0245 102.885 0.105646 1.59192 178 122 1302 0 0 0 0
 626.000000 2.6547 72.7362 71.0595 71.8979 -24.1906 102.881 0.105641 1.59192 178 122 1302 0 0 0 0
 627.000000 2.60608 66.4477 70.7497 68.5987 1.77512 102.877 0.105621 1.59192 178 123 2445 0 0 0 0
 628.000000 2.54909 69.7802 66.4111 68.0957 9.90796 102.873 0.10564 1.59192 178 123 2445 0 0 0 0
 629.000000 2.46021 73.5685 74.1426 73.8556 -88.503 102.869 0.10499 1.59192 179 124 2445 0 0 0 0
 630.000000 2.42734 70.7409 72.4302 71.5855 -49.5892 102.865 0.104513 1.59192 180 125 2445 0 0 0 0
 631.000000 2.42785 72.3128 68.8196 70.5662 -16.7052 102.861 0.104523 1.59192 180 125 2445 0 0 0 0
 632.000000 2.39501 71.161 68.0164 69.5887 2.74106 102.857 0.104565 1.59192 180 125 2445 0 0 0 0
 633.000000 2.37753 68.2062 70.7804 69.4933 13.7663 102.853 0.104596 1.59192 180 125 2445 0 0 0 0
 634.000000 2.36383 62.1663 67.4576 64.812 46.3663 102.849 0.10463 1.59192 180 125 2445 0 0 0 0
 635.000000 2.36331 68.9135 68.1534 68.5334 27.344 102.845 0.104699 1.59192 180 125 2445 0 0 0 0
 636.000000 2.36286 67.9768 67.7428 67.8598 39.4553 102.841 0.104774 1.59192 180 125 2445 0 0 0 0
 637.000000 2.36729 65.9303 62.9616 64.446 58.6153 102.837 0.104824 1.59192 180 125 2445 0 0 0 0
 638.000000 2.36038 65.5398 67.8592 66.6995 54.6499 102.833 0.104845 1.59192 180 125 2445 0 0 0 0
 639.000000 2.37232 64.2311 64.4273 64.3292 69.5969 102.829 0.104905 1.59192 180 125 2445 0 0 0 0
 640.000000 2.44064 60.1508 61.9768 61.0638 49.2503 102.825 0.10501 1.59192 180 126 6573 0 0 0 0
 641.000000 2.4855 62.9688 64.2635 63.6162 42.4181 102.821 0.105066 1.59192 180 126 6573 0 0 0 0
 642.000000 2.49866 67.7302 62.2597 64.995 41.9654 102.818 0.105095 1.59192 180 126 6573 0 0 0 0
 643.000000 2.52593 63.2617 64.1501 63.7059 50.2913 102.814 0.105172 1.59192 180 126 6573 0 0 0 0
 644.000000 2.50705 60.5228 59.1605 59.8417 48.155 102.81 0.105236 1.59192 180 126 6573 0 0 0 0
 645.000000 2.53356 57.2809 60.2108 58.7459 46.4661 102.806 0.105358 1.59192 180 130 2687 0 0 0 0
 646.000000 2.56858 59.6314 56.0524 57.8419 50.2069 102.802 0.105445 1.59192 180 130 2687 0 0 0 0
 647.000000 2.59737 61.3146 62.1753 61.745 48.6496 102.798 0.105522 1.59192 180 130 2687 0 0 0 0
 648.000000 2.65681 63.3812 62.6653 63.0233 49.2942 102.794 0.105592 1.59192 180 130 2687 0 0 0 0
 649.000000 2.70423 62.5387 57.1928 59.8658 53.3752 102.79 0.105604 1.59192 180 130 2687 0 0 0 0
 650.000000 2.74513 60.6581 60.3352 60.4967 56.0953 102.786 0.105643 1.59192 180 130 2687 0 0 0 0
 651.000000 2.7478 65.1827 61.237 63.2099 59.238 102.782 0.105654 1.59192 180 130 2687 0 0 0 0
 652.000000 2.7311 67.8748 64.5949 66.2349 51.3877 102.778 0.105655 1.59192 180 129 3224 0 0 0 0
 653.000000 2.70368 70.959 66.6502 68.8046 32.977 102.775 0.10565 1.59192 180 129 3224 0 0 0 0
 654.000000 2.7354 68.3684 68.7416 68.555 46.3707 102.771 0.105656 1.59192 180 129 3224 0 0 0 0
 655.000000 2.74627 65.2278 64.9806 65.1042 65.9669 102.767 0.105711 1.59192 180 129 3224 0 0 0 0
 656.000000 2.78399 66.129 64.4012 65.2651 70.4954 102.763 0.105774 1.59192 180 129 3224 0 0 0 0
 657.000000 2.82802 62.8695 62.2417 62.5556 68.7149 102.759 0.105799 1.59192 180 129 3224 0 0 0 0
 658.000000 2.8222 61.9166 61.2873 61.602 71.3074 102.755 0.10586 1.59192 180 129 3224 0 0 0 0
 659.000000 2.78582 62.2281 63.9555 63.0918 79.9039 102.752 0.105865 1.59192 180 129 3224 0 0 0 0
 660.000000 2.77921 62.0944 62.6279 62.3612 83.2158 102.748 0.105903 1.59192 180 129 3224 0 0 0 0
 661.000000 2.80797 58.7492 56.6226 57.6859 46.3059 102.744 0.106077 1.59192 181 127 4895 0 0 0 0
 662.000000 2.81647 56.645 55.2079 55.9264 37.2956 102.74 0.106187 1.59192 182 128 4895 0 0 0 0
 663.000000 2.80935 58.4277 57.7052 58.0664 60.3094 102.736 0.106072 1.59192 181 127 4895 0 0 0 0
 664.000000 2.81473 56.7894 58.0445 57.417 64.991 102.732 0.106123 1.59192 181 127 4895 0 0 0 0
 665.000000 2.83847 52.482 53.3008 52.8914 19.0973 102.729 0.106167 1.59192 181 127 4895 0 0 0 0
 666.000000 2.84364 52.9864 48.051 50.5187 -2.66695 102.725 0.106409 1.59192 180 122 2180 0 0 0 0
 667.000000 2.78502 55.1433 52.0478 53.5956 31.9009 102.721 0.106464 1.59192 181 123 2180 0 0 0 0
 668.000000 2.74255 53.5047 53.0097 53.2572 33.1556 102.717 0.106554 1.59192 181 123 2180 0 0 0 0
 669.000000 2.67859 52.2778 55.5169 53.8973 38.4554 102.713 0.106573 1.59192 181 123 2180 0 0 0 0
 670.000000 2.64438 60.9293 59.3188 60.124 59.5196 102.71 0.106639 1.59192 181 131 2416 0 0 0 0
 671.000000 2.61011 64.9891 64.2054 64.5973 49.9903 102.706 0.106625 1.59192 181 131 2416 0 0 0 0
 672.000000 2.59505 63.1592 63.9771 63.5681 62.214 102.702 0.106634 1.59192 181 131 2416 0 0 0 0
 673.000000 2.57342 59.7221 58.51 59.1161 60.793 102.698 0.106712 1.59192 181 131 2416 0 0 0 0
 674.000000 2.5749 58.2897 52.6644 55.4771 43.3053 102.695 0.106736 1.59192 181 131 2416 0 0 0 0
 675.000000 2.56097 49.3824 49.3864 49.3844 -51.981 102.691 0.106258 1.59192 182 128 2069 0 0 0 0
 676.000000 2.52299 50.1331 51.8339 50.9835 -24.9255 102.687 0.105959 1.59192 183 129 2069 0 0 0 0
 677.000000 2.44814 51.4731 53.2982 52.3857 -23.2594 102.683 0.10564 1.59192 184 130 2069 0 0 0 0
 678.000000 2.41461 53.3866 53.0374 53.212 0.54625 102.68 0.105662 1.59192 184 130 2069 0 0 0 0
 679.000000 2.41452 59.0919 54.8779 56.9849 35.5208 102.676 0.105667 1.59192 184 130 2069 0 0 0 0
 680.000000 2.39796 58.5146 54.0049 56.2598 42.5384 102.672 0.105673 1.59192 184 130 2069 0 0 0 0
 681.000000 2.40553 48.8018 48.8652 48.8335 -75.0767 102.669 0.105119 1.59192 185 131 2069 0 0 0 0
 682.000000 2.37814 48.9568 52.0769 50.5168 -34.3659 102.665 0.10476 1.59192 186 132 2069 0 0 0 0
 683.000000 2.32531 47.0732 48.9356 48.0044 -73.6403 102.661 0.104228 1.59192 187 126 4187 0 0 0 0
 684.000000 2.31676 51.0579 51.5804 51.3191 -11.9739 102.658 0.103997 1.59192 188 127 4187 0 0 0 0
 685.000000 2.28654 54.3548 56.0726 55.2137 27.376 102.654 0.104018 1.59192 188 127 4187 0 0 0 0
 686.000000 2.24863 58.9416 59.3717 59.1567 25.615 102.65 0.104085 1.59192 188 131 1617 0 0 0 0
 687.000000 2.2055 64.0181 59.3979 61.708 15.861 102.646 0.104047 1.59192 189 132 1617 0 0 0 0
 688.000000 2.16963 62.2902 60.7451 61.5177 21.0971 102.643 0.104141 1.59192 189 132 1617 0 0 0 0
 689.000000 2.14389 61.1823 63.9039 62.5431 32.1194 102.639 0.104181 1.59192 189 125 1289 0 0 0 0
 690.000000 2.17685 69.2157 63.2496 66.2327 21.1757 102.635 0.104199 1.59192 189 125 1289 0 0 0 0
 691.000000 2.18206 66.4669 67.8471 67.157 24.3023 102.632 0.104239 1.59192 189 125 1289 0 0 0 0
 692.000000 2.174 60.9036 65.2691 63.0864 41.6941 102.628 0.10432 1.59192 189 125 1289 0 0 0 0
 693.000000 2.1738 58.0324 59.1246 58.5785 17.5087 102.625 0.104363 1.59192 189 125 1289 0 0 0 0
 694.000000 2.12706 56.6609 56.5515 56.6062 -10.7725 102.621 0.104134 1.59192 190 130 2780 0 0 0 0
 695.000000 2.09 58.2316 58.3898 58.3107 3.30155 102.617 0.104163 1.59192 190 130 2780 0 0 0 0
 696.000000 2.07831 60.5168 60.3432 60.43 17.8951 102.614 0.104216 1.59192 190 130 2780 0 0 0 0
 697.000000 2.02078 63.7432 62.9115 63.3274 -6.53166 102.61 0.104025 1.59192 191 125 1434 0 0 0 0
 698.000000 1.94379 63.5167 61.1563 62.3365 -25.3326 102.606 0.104077 1.59192 191 125 1434 0 0 0 0
 699.000000 1.88617 69.1274 65.6819 67.4047 -84.08 102.603 0.103521 1.59192 192 126 1434 0 0 0 0
 700.000000 1.8346 63.2567 67.3785 65.3176 -82.1235 102.599 0.102972 1.59192 193 127 1434 0 0 0 0
 701.000000 1.8528 62.7632 65.1208 63.942 -54.2372 102.596 0.102948 1.59192 193 127 1434 0 0 0 0
 702.000000 1.84828 64.029 66.2456 65.1373 -36.0264 102.592 0.102904 1.59192 193 127 1434 0 0 0 0
 703.000000 1.86094 62.3725 61.6752 62.0238 -30.2403 102.588 0.102611 1.59192 194 128 1434 0 0 0 0
 704.000000 1.83875 63.6409 62.9003 63.2706 -16.4391 102.585 0.102637 1.59192 194 128 1434 0 0 0 0
 705.000000 1.82001 57.8631 62.3383 60.1007 -32.6418 102.581 0.102637 1.59192 194 128 1434 0 0 0 0
 706.000000 1.82208 58.065 57.2513 57.6581 -32.8331 102.578 0.10273 1.59192 194 124 4489 0 0 0 0
 707.000000 1.85688 60.9598 60.6565 60.8081 -2.42339 102.574 0.10282 1.59192 194 124 4489 0 0 0 0
 708.000000 1.87563 53.7478 55.8899 54.8188 -55.4577 102.571 0.102397 1.59192 195 125 4489 0 0 0 0
 709.000000 1.88212 49.9122 54.5067 52.2094 -81.8531 102.567 0.101859 1.59192 196 126 4489 0 0 0 0
 710.000000 1.91227 53.4767 52.1478 52.8123 -55.4206 102.563 0.101831 1.59192 196 126 4489 0 0 0 0
 711.000000 1.94796 56.9165 57.4199 57.1682 -34.3019 102.56 0.101845 1.59192 196 126 4489 0 0 0 0
 712.000000 1.93931 56.9309 55.75 56.3404 -18.2194 102.556 0.101842 1.59192 196 126 4489 0 0 0 0
 713.000000 1.95464 58.9972 59.829 59.4131 -6.42323 102.553 0.101895 1.59192 196 126 4489 0 0 0 0
 714.000000 1.97416 61.7269 62.8955 62.3112 5.83711 102.549 0.101979 1.59192 196 128 4012 0 0 0 0
 715.000000 1.99065 59.7661 57.3332 58.5497 6.62811 102.546 0.102017 1.59192 196 128 4012 0 0 0 0
 716.000000 1.9616 63.3174 63.7972 63.5573 14.4261 102.542 0.102072 1.59192 196 128 4012 0 0 0 0
 717.000000 1.87116 69.9618 70.3785 70.1702 -85.8548 102.539 0.101532 1.59192 197 119 1595 0 0 0 0
 718.000000 1.83956 69.931 66.8643 68.3977 -56.9465 102.535 0.101128 1.59192 198 120 1595 0 0 0 0
 719.000000 1.79334 71.1146 66.7603 68.9375 -62.8858 102.532 0.101061 1.59192 198 120 1595 0 0 0 0
 720.000000 1.74384 66.6694 65.8169 66.2432 -64.8584 102.528 0.100579 1.59192 199 121 1595 0 0 0 0
 721.000000 1.71228 70.6106 63.9932 67.3019 -59.0391 102.525 0.100502 1.59192 199 121 1595 0 0 0 0
 722.000000 1.69215 69.0125 64.5502 66.7814 -38.1358 102.521 0.100427 1.59192 199 121 1595 0 0 0 0
 723.000000 1.72287 63.5197 64.6374 64.0785 -30.3994 102.518 0.100088 1.59192 200 122 1595 0 0 0 0
 724.000000 1.76395 63.5253 62.114 62.8197 -20.8384 102.514 0.0998383 1.59192 201 123 1595 0 0 0 0
 725.000000 1.7709 60.4094 59.4959 59.9526 -12.6379 102.511 0.0996471 1.59192 202 128 3822 0 0 0 0
 726.000000 1.75277 64.007 62.0073 63.0072 -5.05998 102.507 0.0998738 1.59192 201 127 3822 0 0 0 0
 727.000000 1.73957 62.7222 64.3077 63.515 8.39696 102.504 0.0998554 1.59192 201 127 3822 0 0 0 0
 728.000000 1.75036 59.4355 59.968 59.7017 3.18504 102.5 0.0998976 1.59192 201 127 3822 0 0 0 0
 729.000000 1.77902 57.7248 56.9972 57.361 -4.08864 102.497 0.100024 1.59192 201 127 3822 0 0 0 0
 730.000000 1.78255 59.688 60.0251 59.8566 18.4477 102.493 0.100077 1.59192 201 127 3822 0 0 0 0
 731.000000 1.77652 60.6201 61.5148 61.0675 27.081 102.49 0.100142 1.59192 201 127 3822 0 0 0 0
 732.000000 1.75642 67.0957 68.8248 67.9603 -21.042 102.486 0.100115 1.59192 201 119 3552 0 0 0 0
 733.000000 1.74613 66.39 67.7836 67.0868 4.18808 102.483 0.10008 1.59192 201 119 3552 0 0 0 0
 734.000000 1.7758 63.4998 67.7149 65.6073 15.1596 102.48 0.100013 1.59192 202 120 3552 0 0 0 0
 735.000000 1.80678 62.0784 67.2481 64.6632 24.2307 102.476 0.100097 1.59192 202 120 3552 0 0 0 0
 736.000000 1.79656 63.2188 69.1624 66.1906 26.8638 102.473 0.100129 1.59192 202 120 3552 0 0 0 0
 737.000000 1.77821 64.3684 63.27 63.8192 39.8723 102.469 0.100188 1.59192 202 120 3552 0 0 0 0
 738.000000 1.80039 60.5549 61.9598 61.2573 41.4843 102.466 0.100297 1.59192 202 120 3552 0 0 0 0
 739.000000 1.83753 55.9264 60.5227 58.2246 18.8456 102.462 0.100421 1.59192 202 132 3403 0 0 0 0
 740.000000 1.8747 51.2158 56.9879 54.1019 -18.4533 102.459 0.100395 1.59192 202 132 3403 0 0 0 0
 741.000000 1.84005 54.5254 53.717 54.1212 -10.4185 102.456 0.100383 1.59192 202 132 3403 0 0 0 0
 742.000000 1.75991 52.0862 54.7576 53.4219 -29.1406 102.452 0.100359 1.59192 202 125 1430 0 0 0 0
 743.000000 1.75866 53.8226 51.224 52.5233 -23.3117 102.449 0.100292 1.59192 202 125 1430 0 0 0 0
 744.000000 1.78004 50.5087 47.9631 49.2359 -70.9985 102.445 0.0997923 1.59192 203 126 1430 0 0 0 0
 745.000000 1.8598 48.3156 50.1081 49.2118 -76.0783 102.442 0.0993094 1.59192 204 127 1430 0 0 0 0
 746.000000 1.90626 49.7047 52.0639 50.8843 -45.5801 102.439 0.0992478 1.59192 204 127 1430 0 0 0 0
 747.000000 1.92799 45.5006 51.3909 48.4458 -72.3316 102.435 0.0987823 1.59192 205 128 1430 0 0 0 0
 748.000000 1.99664 49.011 53.3026 51.1568 -66.8468 102.432 0.0983277 1.59192 206 129 1430 0 0 0 0
 749.000000 2.06552 49.9231 54.0793 52.0012 -59.2782 102.429 0.0979311 1.59192 207 130 1430 0 0 0 0
 750.000000 2.08199 49.5207 51.5006 50.5106 -59.1132 102.425 0.0978825 1.59192 207 130 1430 0 0 0 0
 751.000000 2.08077 46.2734 50.7175 48.4954 -73.1172 102.422 0.09742 1.59192 208 131 1430 0 0 0 0
 752.000000 2.0938 47.7509 48.5119 48.1314 -56.1939 102.418 0.0973583 1.59192 208 131 1430 0 0 0 0
 753.000000 2.12305 42.6888 46.1573 44.423 -95.7005 102.415 0.0968333 1.59192 209 138 5760 0 0 0 0
 754.000000 2.11151 49.7015 49.1357 49.4186 -29.1017 102.412 0.0968301 1.59192 209 138 5760 0 0 0 0
 755.000000 2.14311 51.1465 57.4443 54.2954 -20.8992 102.408 0.096843 1.59192 209 138 5760 0 0 0 0
 756.000000 2.13498 55.2389 53.1115 54.1752 -6.67327 102.405 0.0968389 1.59192 209 150 1242 0 0 0 0
 757.000000 2.09283 57.5862 55.6486 56.6174 9.70493 102.402 0.0968397 1.59192 209 150 1242 0 0 0 0
 758.000000 2.04757 56.4568 52.2544 54.3556 -9.77039 102.398 0.0968325 1.59192 209 150 1242 0 0 0 0
 759.000000 2.00781 58.2591 52.885 55.572 4.78566 102.395 0.0968164 1.59192 209 150 1242 0 0 0 0
 760.000000 2.01888 56.6982 52.9271 54.8126 13.2514 102.392 0.096787 1.59192 209 150 1242 0 0 0 0
 761.000000 1.997 53.9306 52.3563 53.1435 -1.47491 102.388 0.096635 1.59192 210 151 1242 0 0 0 0
 762.000000 1.94578 57.9639 58.1703 58.0671 19.0095 102.385 0.0967001 1.59192 210 151 1242 0 0 0 0
 763.000000 1.90231 61.9705 60.4719 61.2212 29.6141 102.382 0.0967826 1.59192 211 141 3551 0 0 0 0
 764.000000 1.93647 65.5162 64.2883 64.9022 7.71021 102.379 0.0967124 1.59192 212 142 3551 0 0 0 0
 765.000000 1.94721 66.839 68.7165 67.7777 -18.9681 102.375 0.0967337 1.59192 212 139 1268 0 0 0 0
 766.000000 1.92829 70.4078 73.2623 71.835 -70.727 102.372 0.0963033 1.59192 213 140 1268 0 0 0 0
 767.000000 1.92434 66.7512 66.3361 66.5436 3.36584 102.369 0.0963855 1.59192 213 140 1268 0 0 0 0
 768.000000 1.9315 64.8595 67.499 66.1793 18.9281 102.365 0.0966483 1.59192 212 139 1268 0 0 0 0
 769.000000 1.93695 65.1127 69.7964 67.4545 23.8642 102.362 0.0966354 1.59192 212 139 1268 0 0 0 0
 770.000000 1.93537 62.4635 67.7102 65.0869 39.3772 102.359 0.0966877 1.59192 212 139 1268 0 0 0 0
 771.000000 1.91392 61.2126 64.5887 62.9007 42.0892 102.356 0.096803 1.59192 212 139 1268 0 0 0 0
 772.000000 1.90212 64.1917 69.6479 66.9198 37.6481 102.352 0.0968265 1.59192 212 139 1268 0 0 0 0
 773.000000 1.90708 63.0649 63.922 63.4934 51.7438 102.349 0.0969607 1.59192 212 139 1268 0 0 0 0
 774.000000 1.92581 58.4842 60.8681 59.6761 34.2505 102.346 0.0970506 1.59192 212 143 4246 0 0 0 0
 775.000000 1.95062 58.8308 61.0754 59.9531 41.8341 102.343 0.0971176 1.59192 212 143 4246 0 0 0 0
 776.000000 2.03123 57.2595 65.6529 61.4562 26.9032 102.339 0.0971403 1.59192 211 142 4246 0 0 0 0
 777.000000 2.08208 63.2491 62.3261 62.7876 41.3498 102.336 0.0971526 1.59192 211 142 4246 0 0 0 0
 778.000000 2.08246 63.5607 64.9059 64.2333 42.6089 102.333 0.0972044 1.59192 211 142 4246 0 0 0 0
 779.000000 2.07755 69.1205 70.7294 69.9249 -14.6511 102.33 0.0972013 1.59192 211 146 2334 0 0 0 0
 780.000000 2.12484 69.5824 71.0978 70.3401 -8.55248 102.326 0.0972032 1.59192 211 146 2334 0 0 0 0
 781.000000 2.13365 73.8868 73.188 73.5374 -52.2229 102.323 0.0974822 1.59192 210 132 1017 0 0 0 0
 782.000000 2.15414 76.632 72.4951 74.5636 -49.0677 102.32 0.0973986 1.59192 210 132 1017 0 0 0 0
 783.000000 2.21938 71.6185 71.1843 71.4014 -31.5481 102.317 0.0973015 1.59192 210 132 1017 0 0 0 0
 784.000000 2.29427 74.0882 73.4394 73.7638 -75.6428 102.313 0.0968276 1.59192 211 133 1017 0 0 0 0
 785.000000 2.33056 73.0817 73.0956 73.0886 -45.179 102.31 0.0967868 1.59192 211 133 1017 0 0 0 0
 786.000000 2.29196 71.396 70.9056 71.1508 -8.77027 102.307 0.0965842 1.59192 212 134 1017 0 0 0 0
 787.000000 2.23864 66.6852 69.5009 68.093 24.0166 102.304 0.0965729 1.59192 212 134 1017 0 0 0 0
 788.000000 2.21641 69.6452 70.1452 69.8952 12.452 102.301 0.0965846 1.59192 212 134 1017 0 0 0 0
 789.000000 2.15767 68.7542 69.3188 69.0365 29.1551 102.297 0.0965933 1.59192 212 134 1017 0 0 0 0
 790.000000 2.15705 66.3401 64.4999 65.42 48.8981 102.294 0.0965997 1.59192 212 134 1017 0 0 0 0
 791.000000 2.20014 64.1994 60.668 62.4337 46.1899 102.291 0.0965587 1.59192 211 149 5231 0 0 0 0
 792.000000 2.23687 62.5813 58.4282 60.5047 44.5124 102.288 0.0965932 1.59192 211 149 5231 0 0 0 0
 793.000000 2.22433 61.3471 57.5243 59.4357 47.4372 102.285 0.0966069 1.59192 211 149 5231 0 0 0 0
 794.000000 2.20584 58.4394 62.5256 60.4825 58.6712 102.281 0.0966475 1.59192 211 149 5231 0 0 0 0
 795.000000 2.20874 63.8466 64.8169 64.3317 53.2138 102.278 0.0966622 1.59192 211 149 5231 0 0 0 0
 796.000000 2.29175 67.036 65.6274 66.3317 50.9854 102.275 0.0966878 1.59192 211 149 5231 0 0 0 0
 797.000000 2.29204 65.6697 63.4525 64.5611 57.4474 102.272 0.0969186 1.59192 212 150 5231 0 0 0 0
 798.000000 2.24873 62.0381 66.4011 64.2196 59.5147 102.269 0.0967141 1.59192 211 149 5231 0 0 0 0
 799.000000 2.24363 64.4375 67.9624 66.1999 66.0995 102.266 0.0967254 1.59192 211 149 5231 0 0 0 0
 800.000000 2.27315 64.091 64.7555 64.4232 71.5374 102.262 0.0967314 1.59192 211 149 5231 0 0 0 0
 801.000000 2.32866 60.7225 62.5979 61.6602 67.8056 102.259 0.0967478 1.59192 211 149 5231 0 0 0 0
 802.000000 2.32032 57.8939 60.7789 59.3364 58.3996 102.256 0.0967401 1.59192 211 149 5231 0 0 0 0
 803.000000 2.29548 58.0487 58.1633 58.106 55.2613 102.253 0.0968151 1.59192 211 149 5231 0 0 0 0
 804.000000 2.27928 56.9907 59.2153 58.103 61.7026 102.25 0.0968627 1.59192 211 149 5231 0 0 0 0
 805.000000 2.26993 63.6208 63.345 63.4829 75.8397 102.247 0.0968567 1.59192 211 149 5231 0 0 0 0
 806.000000 2.2779 63.8638 62.1289 62.9964 80.6913 102.244 0.0968611 1.59192 211 149 5231 0 0 0 0
 807.000000 2.25599 68.6544 72.2002 70.4273 17.9213 102.241 0.096881 1.59192 211 149 8067 0 0 0 0
 808.000000 2.27924 71.3175 68.6277 69.9726 33.7358 102.237 0.0969639 1.59192 211 149 8067 0 0 0 0
 809.000000 2.30479 72.1116 71.114 71.6128 16.1419 102.234 0.0969468 1.59192 211 149 8067 0 0 0 0
 810.000000 2.35798 77.4903 73.111 75.3007 -66.995 102.231 0.0965215 1.59192 212 135 1479 0 0 0 0
 811.000000 2.35911 74.3746 73.1358 73.7552 -21.5876 102.228 0.0965171 1.59192 212 135 1479 0 0 0 0
 812.000000 2.37149 70.1102 72.0705 71.0903 26.7783 102.225 0.0965345 1.59192 212 135 1479 0 0 0 0
 813.000000 2.42512 71.3545 72.6411 71.9978 3.86772 102.222 0.0965145 1.59192 212 135 1479 0 0 0 0
 814.000000 2.46077 75.2459 75.1773 75.2116 -62.3884 102.219 0.0964268 1.59192 212 135 1479 0 0 0 0
 815.000000 2.52098 72.3757 69.5012 70.9384 -12.4944 102.216 0.0963852 1.59192 212 135 1479 0 0 0 0
 816.000000 2.52897 74.0857 68.3639 71.2248 -3.80665 102.213 0.0963452 1.59192 212 135 1479 0 0 0 0
 817.000000 2.54774 74.6024 73.0882 73.8453 -42.2432 102.21 0.0960023 1.59192 213 136 1479 0 0 0 0
 818.000000 2.59993 71.4268 70.9277 71.1773 2.56834 102.206 0.0960254 1.59192 213 136 1479 0 0 0 0
 819.000000 2.59268 70.0037 66.9089 68.4563 19.6022 102.203 0.0960167 1.59192 213 136 1479 0 0 0 0
 820.000000 2.5348 68.7853 66.434 67.6096 30.5325 102.2 0.096018 1.59192 213 136 1479 0 0 0 0
 821.000000 2.49236 66.5033 67.7639 67.1336 42.0689 102.197 0.096057 1.59192 213 136 1479 0 0 0 0
 822.000000 2.46555 66.6625 69.0284 67.8455 48.4075 102.194 0.0960537 1.59192 213 136 1479 0 0 0 0
 823.000000 2.46091 64.9041 67.146 66.0251 59.0066 102.191 0.0960637 1.59192 213 163 6270 0 0 0 0
 824.000000 2.49715 64.2433 63.9593 64.1013 58.8588 102.188 0.096105 1.59192 213 163 6270 0 0 0 0
 825.000000 2.49669 64.6412 65.2934 64.9673 66.3519 102.185 0.0961434 1.59192 213 163 6270 0 0 0 0
 826.000000 2.54479 63.6065 66.1417 64.8741 64.2791 102.182 0.0964405 1.59192 214 164 6270 0 0 0 0
 827.000000 2.57701 65.8339 67.2737 66.5538 51.5665 102.179 0.0964838 1.59192 214 164 6270 0 0 0 0
 828.000000 2.62393 68.2536 66.2285 67.2411 44.3429 102.176 0.096512 1.59192 214 164 6270 0 0 0 0
 829.000000 2.67115 67.4907 64.7194 66.1051 56.7961 102.173 0.0964999 1.59192 214 164 6270 0 0 0 0
 830.000000 2.68202 63.5479 61.9236 62.7357 69.1781 102.17 0.0964974 1.59192 214 164 6270 0 0 0 0
 831.000000 2.64795 62.5219 58.5571 60.5395 63.5866 102.167 0.0965529 1.59192 214 164 6270 0 0 0 0
 832.000000 2.61803 66.6718 65.4907 66.0813 63.1486 102.164 0.0968481 1.59192 215 165 6270 0 0 0 0
 833.000000 2.58666 61.2018 62.4117 61.8068 65.8041 102.161 0.0966659 1.59192 214 164 6270 0 0 0 0
 834.000000 2.55755 60.6151 64.066 62.3405 74.3059 102.158 0.096726 1.59192 214 164 6270 0 0 0 0
 835.000000 2.56384 62.475 61.0799 61.7775 79.3745 102.155 0.0967479 1.59192 214 164 6270 0 0 0 0
 836.000000 2.55119 68.4364 67.0115 67.724 61.6759 102.152 0.0967783 1.59192 214 164 6270 0 0 0 0
 837.000000 2.55322 76.2199 67.9502 72.0851 8.89581 102.149 0.0967823 1.59192 214 157 7267 0 0 0 0
 838.000000 2.5685 71.351 69.6437 70.4974 36.5329 102.146 0.0968152 1.59192 214 157 7267 0 0 0 0
 839.000000 2.58273 68.4989 71.224 69.8615 48.5578 102.143 0.0968845 1.59192 214 157 7267 0 0 0 0
 840.000000 2.62888 67.4453 67.4849 67.4651 63.3353 102.14 0.096931 1.59192 214 157 7267 0 0 0 0
 841.000000 2.65011 64.6406 65.5689 65.1048 74.51 102.137 0.0969798 1.59192 214 157 7267 0 0 0 0
 842.000000 2.6578 63.8565 64.8695 64.363 81.2107 102.134 0.0967587 1.59192 213 156 7267 0 0 0 0
 843.000000 2.64753 61.9199 61.2103 61.5651 80.3996 102.131 0.0972087 1.59192 214 168 3020 0 0 0 0
 844.000000 2.64302 62.7558 58.2113 60.4836 80.0611 102.128 0.0968606 1.59192 213 167 3020 0 0 0 0
 845.000000 2.67658 60.4497 53.7018 57.0757 52.8697 102.125 0.0969003 1.59192 213 167 3020 0 0 0 0
 846.000000 2.67307 59.5681 54.3925 56.9803 60.3624 102.122 0.0969315 1.59192 213 160 1362 0 0 0 0
 847.000000 2.6823 58.2756 57.0557 57.6657 71.9877 102.119 0.0969663 1.59192 213 160 1362 0 0 0 0
 848.000000 2.69715 61.2165 58.7199 59.9682 86.5367 102.116 0.0969623 1.59193 213 160 1362 0 0 0 0
 849.000000 2.69381 63.7911 62.0198 62.9054 92.5999 102.113 0.096952 1.59202 213 163 1410 0 0 0 0
 850.000000 2.71322 61.8029 59.1793 60.4911 91.1465 102.11 0.0969763 1.59206 213 163 1410 0 0 0 0
 851.000000 2.74441 67.0102 62.33 64.6701 86.9691 102.107 0.0974932 1.59207 214 164 1410 0 0 0 0
 852.000000 2.77035 69.1745 69.7801 69.4773 26.663 102.104 0.0974674 1.59207 214 147 1576 0 0 0 0
 853.000000 2.81098 73.6552 73.225 73.4401 -44.7726 102.101 0.097784 1.59207 213 146 1576 0 0 0 0
 854.000000 2.78069 71.6833 73.3175 72.5004 -18.582 102.098 0.0977472 1.59207 213 146 1576 0 0 0 0
 855.000000 2.74896 70.2631 73.0902 71.6767 4.03095 102.095 0.0975877 1.59207 214 147 1576 0 0 0 0
 856.000000 2.69717 75.9198 75.3581 75.6389 -80.3542 102.092 0.0971174 1.59207 215 148 1576 0 0 0 0
 857.000000 2.67494 73.2753 75.4827 74.379 -42.9155 102.089 0.0971019 1.59207 215 148 1576 0 0 0 0
 858.000000 2.67583 73.5955 73.0553 73.3254 -10.4798 102.086 0.0971204 1.59207 215 148 1576 0 0 0 0
 859.000000 2.70911 69.448 69.6252 69.5366 48.1792 102.083 0.0970985 1.59207 215 148 1576 0 0 0 0
 860.000000 2.7471 69.4081 72.0356 70.7219 36.7787 102.08 0.0971415 1.59207 215 148 1576 0 0 0 0
 861.000000 2.77141 70.0758 72.5166 71.2962 32.4717 102.078 0.0971264 1.59207 215 148 1576 0 0 0 0
 862.000000 2.80875 71.2605 71.2943 71.2774 29.1755 102.075 0.0971282 1.59207 215 148 1576 0 0 0 0
 863.000000 2.84633 69.1401 71.8139 70.477 33.7335 102.072 0.0971196 1.59207 215 148 1576 0 0 0 0
 864.000000 2.87423 68.3739 67.2443 67.8091 53.9311 102.069 0.0971149 1.59207 215 148 1576 0 0 0 0
 865.000000 2.89397 67.2864 66.6503 66.9684 61.6043 102.066 0.0971041 1.59207 215 148 1576 0 0 0 0
 866.000000 2.93323 72.9283 70.7067 71.8175 -7.89319 102.063 0.0968962 1.59207 216 149 1576 0 0 0 0
 867.000000 2.96363 73.8289 69.2117 71.5203 2.81487 102.06 0.0968947 1.59207 216 149 1576 0 0 0 0
 868.000000 2.9731 77.0124 74.1287 75.5705 -73.9969 102.057 0.0964692 1.59207 217 150 1576 0 0 0 0
 869.000000 3.04024 74.6749 74.024 74.3495 -44.5668 102.054 0.0964351 1.59207 217 150 1576 0 0 0 0
 870.000000 3.08666 74.183 72.0608 73.1219 -20.4165 102.051 0.0964261 1.59207 217 150 1576 0 0 0 0
 871.000000 3.08772 73.0966 71.3878 72.2422 4.85573 102.048 0.0964519 1.59207 217 122 9323 0 0 0 0
 872.000000 3.06888 70.5821 67.0681 68.8251 36.6513 102.046 0.096514 1.59207 218 123 9323 0 0 0 0
 873.000000 3.04593 66.2707 65.6828 65.9768 50.9283 102.043 0.0965289 1.59207 218 123 9323 0 0 0 0
 874.000000 3.02921 63.2192 64.1741 63.6966 58.826 102.04 0.0965141 1.59207 218 123 9323 0 0 0 0
 875.000000 3.02382 66.1864 67.0569 66.6216 56.0942 102.037 0.0965558 1.59207 218 123 9323 0 0 0 0
 876.000000 2.99374 68.5093 68.6353 68.5723 43.8882 102.034 0.0965958 1.59207 218 123 9323 0 0 0 0
 877.000000 2.95013 71.4073 71.1786 71.2929 23.7063 102.031 0.0966048 1.59207 218 123 9323 0 0 0 0
 878.000000 2.89039 76.562 73.0988 74.8304 -38.7871 102.028 0.096573 1.59207 218 123 9323 0 0 0 0
 879.000000 2.89115 75.4045 73.2943 74.3494 -14.8235 102.025 0.0965582 1.59207 218 123 9323 0 0 0 0
 880.000000 2.91164 73.8905 71.274 72.5823 18.1081 102.023 0.0965571 1.59207 218 123 9323 0 0 0 0
 881.000000 2.92177 77.1266 74.9796 76.0531 -34.7348 102.02 0.096519 1.59207 218 123 9323 0 0 0 0
 882.000000 2.97219 71.6503 71.957 71.8036 32.6977 102.017 0.0965222 1.59207 218 123 9323 0 0 0 0
 883.000000 3.01514 71.9013 67.2499 69.5756 47.0099 102.014 0.0965588 1.59207 218 123 9323 0 0 0 0
 884.000000 2.98464 70.9506 65.6898 68.3202 58.9284 102.011 0.0965973 1.59207 218 123 9323 0 0 0 0
 885.000000 2.99377 65.5164 63.7826 64.6495 62.8725 102.008 0.0968546 1.59207 219 124 9323 0 0 0 0
 886.000000 3.00144 66.3401 64.2858 65.3129 70.0389 102.005 0.0968921 1.59207 219 124 9323 0 0 0 0
 887.000000 2.9635 63.4781 61.2814 62.3798 58.4995 102.003 0.0971341 1.59207 220 142 8227 0 0 0 0
 888.000000 2.96032 63.7209 59.862 61.7915 60.7264 102 0.0969563 1.59207 219 141 8227 0 0 0 0
 889.000000 2.93611 63.4621 58.9044 61.1833 64.8053 101.997 0.0969553 1.59207 219 141 8227 0 0 0 0
 890.000000 2.90709 64.0861 65.6151 64.8506 69.8227 101.994 0.0969742 1.59207 219 141 8227 0 0 0 0
 891.000000 2.89134 66.3176 64.987 65.6523 75.1586 101.991 0.0970063 1.59207 219 141 8227 0 0 0 0
 892.000000 2.85795 67.0227 64.8919 65.9573 78.5506 101.988 0.0970268 1.59207 219 141 8227 0 0 0 0
 893.000000 2.84726 63.7858 61.0946 62.4402 76.5883 101.986 0.0970811 1.59207 219 141 8227 0 0 0 0
 894.000000 2.84077 65.6703 66.7955 66.2329 81.0278 101.983 0.0971115 1.59207 219 141 8227 0 0 0 0
 895.000000 2.82047 70.9687 69.422 70.1953 52.7979 101.98 0.0971305 1.59207 219 146 3757 0 0 0 0
 896.000000 2.79714 66.7 65.7863 66.2432 78.6022 101.977 0.0971508 1.59207 219 146 3757 0 0 0 0
 897.000000 2.78542 66.7816 67.7836 67.2826 76.7904 101.974 0.0971366 1.59207 219 146 3757 0 0 0 0
 898.000000 2.79086 65.7531 64.8313 65.2922 88.7868 101.972 0.0972139 1.59209 219 146 3757 0 0 0 0
 899.000000 2.81925 63.2135 59.9572 61.5853 79.0857 101.969 0.0972433 1.59209 219 153 2122 0 0 0 0
 900.000000 2.85633 59.9395 62.9276 61.4336 83.2681 101.966 0.0972409 1.59209 219 153 2122 0 0 0 0
 901.000000 2.8978 61.2827 57.5055 59.3941 63.5406 101.963 0.0975131 1.59209 220 154 2122 0 0 0 0
 902.000000 2.96342 61.7835 58.5093 60.1464 63.1092 101.96 0.0975324 1.59209 220 154 2122 0 0 0 0
 903.000000 3.02146 58.6631 55.6789 57.171 35.3019 101.958 0.0975437 1.59209 220 154 2122 0 0 0 0
 904.000000 3.04676 59.5967 58.1429 58.8698 49.3499 101.955 0.097535 1.59209 220 154 2122 0 0 0 0
 905.000000 3.08508 63.4561 59.1744 61.3153 54.5956 101.952 0.0975955 1.59209 220 154 2122 0 0 0 0
 906.000000 3.1122 65.4245 62.2407 63.8326 52.0426 101.949 0.0975196 1.59209 219 153 2122 0 0 0 0
 907.000000 3.12105 61.172 63.671 62.4215 59.015 101.947 0.097518 1.59209 219 126 4204 0 0 0 0
 908.000000 3.16317 61.0797 59.6526 60.3662 46.1755 101.944 0.0975158 1.59209 219 126 4204 0 0 0 0
 909.000000 3.18195 64.5667 62.1625 63.3646 55.5821 101.941 0.0975354 1.59209 219 126 4204 0 0 0 0
 910.000000 3.23624 65.694 65.3986 65.5463 54.1517 101.938 0.097569 1.59209 219 126 4204 0 0 0 0
 911.000000 3.26855 63.7042 62.659 63.1816 55.6491 101.935 0.0975668 1.59209 219 126 4204 0 0 0 0
 912.000000 3.27126 65.3184 61.0719 63.1951 61.8044 101.933 0.0975609 1.59209 219 126 4204 0 0 0 0
 913.000000 3.33835 67.7693 62.2537 65.0115 52.3285 101.93 0.0976087 1.59209 219 126 4204 0 0 0 0
 914.000000 3.36757 70.3934 65.9199 68.1566 30.9039 101.927 0.0976019 1.59209 219 103 3588 0 0 0 0
 915.000000 3.395 73.1173 71.7398 72.4286 -34.6571 101.924 0.0975368 1.59209 219 103 3588 0 0 0 0
 916.000000 3.41697 70.0588 71.8704 70.9646 -0.973055 101.922 0.0977365 1.59209 218 102 3588 0 0 0 0
 917.000000 3.42323 68.3674 70.6807 69.5241 24.4494 101.919 0.0977046 1.59209 219 103 3588 0 0 0 0
 918.000000 3.42366 70.914 69.3806 70.1473 28.6126 101.916 0.0977358 1.59209 218 102 3588 0 0 0 0
 919.000000 3.4142 69.1665 67.1147 68.1406 47.801 101.913 0.0977448 1.59209 218 102 3588 0 0 0 0
 920.000000 3.38831 69.1294 67.6616 68.3955 55.4053 101.911 0.0977378 1.59209 218 102 3588 0 0 0 0
 921.000000 3.33345 72.7045 70.5495 71.627 6.15645 101.908 0.0977358 1.59209 218 102 3588 0 0 0 0
 922.000000 3.25683 73.8189 72.1493 72.9841 -21.469 101.905 0.0977148 1.59209 218 102 3588 0 0 0 0
 923.000000 3.21164 70.8354 72.993 71.9142 -2.13895 101.903 0.0977339 1.59209 218 102 3588 0 0 0 0
 924.000000 3.20203 69.9964 69.0416 69.519 29.4615 101.9 0.0977173 1.59209 218 102 3588 0 0 0 0
 925.000000 3.17728 76.6053 73.5399 75.0726 -61.6894 101.897 0.0973181 1.59209 219 103 3588 0 0 0 0
 926.000000 3.19683 74.1562 72.1145 73.1353 -5.77172 101.894 0.0972901 1.59209 219 110 5657 0 0 0 0
 927.000000 3.14502 76.9931 75.0026 75.9979 -57.1046 101.892 0.0972186 1.59209 219 110 5657 0 0 0 0
 928.000000 3.12735 75.3437 72.6803 74.012 -5.9306 101.889 0.0970503 1.59209 220 111 5657 0 0 0 0
 929.000000 3.09872 72.4695 68.6171 70.5433 34.2099 101.886 0.0971142 1.59209 221 112 5657 0 0 0 0
 930.000000 3.10946 72.2938 67.5522 69.923 46.1061 101.884 0.0971447 1.59209 220 111 5657 0 0 0 0
 931.000000 3.09686 68.6084 62.3575 65.483 65.9256 101.881 0.0971549 1.59209 220 111 5657 0 0 0 0
 932.000000 3.12343 70.9126 63.7006 67.3066 61.8615 101.878 0.0974133 1.59209 221 112 5657 0 0 0 0
 933.000000 3.18643 68.2654 65.4976 66.8815 56.7075 101.875 0.0974194 1.59209 221 112 5657 0 0 0 0
 934.000000 3.22945 69.3876 67.1145 68.2511 50.1186 101.873 0.0975704 1.59209 222 113 5657 0 0 0 0
 935.000000 3.26301 69.8097 65.7046 67.7572 57.4225 101.87 0.0974677 1.59209 221 112 5657 0 0 0 0
 936.000000 3.26132 63.6404 59.1191 61.3798 56.2044 101.867 0.0975016 1.59209 221 118 5074 0 0 0 0
 937.000000 3.27984 61.5078 59.747 60.6274 59.1154 101.865 0.0975032 1.59209 221 118 5074 0 0 0 0
 938.000000 3.27157 66.7476 59.8679 63.3077 71.7184 101.862 0.0975006 1.59209 221 118 5074 0 0 0 0
 939.000000 3.30821 66.0083 65.598 65.8032 68.8615 101.859 0.0975057 1.59209 221 118 5074 0 0 0 0
 940.000000 3.33765 63.6468 62.1155 62.8812 64.392 101.857 0.0975038 1.59209 221 118 5074 0 0 0 0
 941.000000 3.36447 61.2422 60.1851 60.7137 61.5044 101.854 0.0974712 1.59209 221 118 5074 0 0 0 0
 942.000000 3.39844 54.8136 51.0153 52.9145 -15.7445 101.851 0.0974435 1.59209 221 99 199 0 0 0 0
 943.000000 3.39428 55.661 56.314 55.9875 20.4181 101.849 0.0974233 1.59209 221 99 199 0 0 0 0
 944.000000 3.47425 59.947 57.8524 58.8997 39.6668 101.846 0.0974424 1.59209 221 99 199 0 0 0 0
 945.000000 3.53689 61.2121 56.6692 58.9406 28.1872 101.843 0.0974047 1.59209 221 99 199 13.6069 544277 0 0
 946.000000 3.5284 60.2803 60.6015 60.4409 44.1944 101.841 0.0973958 1.59209 221 90 1691 8.0659 322636 0 0
 947.000000 3.51693 67.0821 64.4789 65.7805 44.027 101.838 0.0974024 1.59209 221 90 1691 2.86495 114598 0 0
 948.000000 3.50209 66.4347 61.0881 63.7614 57.4237 101.835 0.0974277 1.59209 221 90 1691 0.0438474 1753.9 0 0
 949.000000 3.51366 65.8177 60.5993 63.2085 60.7678 101.833 0.0974576 1.59209 221 90 1691 1.86682 74673 0 0
 950.000000 3.50514 65.0421 62.3582 63.7001 69.6035 101.83 0.0974735 1.59209 221 90 1691 0.264317 10572.7 0 0
 951.000000 3.47502 63.8699 58.9995 61.4347 68.0384 101.827 0.0974818 1.59209 221 90 1691 0 0 0 0
 952.000000 3.41008 63.682 63.5939 63.6379 66.2521 101.825 0.0974501 1.59209 221 90 1691 0 0 0 0
 953.000000 3.43593 61.5369 59.2588 60.3978 66.4961 101.822 0.0974614 1.59209 221 90 1691 0 0 0 0
 954.000000 3.40967 62.5144 63.8409 63.1777 73.2886 101.819 0.0974346 1.59209 221 90 1691 0 0 0 0
 955.000000 3.41439 59.5313 60.5053 60.0183 71.9357 101.817 0.097416 1.59209 221 90 1691 0 0 0 0
 956.000000 3.44011 53.8457 56.0679 54.9568 18.3018 101.814 0.0974439 1.59209 221 98 5271 0 0 0 0
 957.000000 3.48881 53.8341 56.2187 55.0264 17.2357 101.812 0.0974434 1.59209 221 98 5271 0 0 0 0
 958.000000 3.56578 55.9316 55.5895 55.7605 -13.6108 101.809 0.0972072 1.59209 222 99 5271 43.2659 1.73063e+06 0 0
 959.000000 3.52163 55.9266 57.8448 56.8857 33.8505 101.806 0.0972086 1.59209 222 99 5271 4.678 187120 0 0
 960.000000 3.49212 51.939 52.4216 52.1803 -10.9576 101.804 0.0972439 1.59209 222 99 5271 0 0 0 0
 961.000000 3.50199 51.2937 49.1052 50.1995 -32.7753 101.801 0.0972174 1.59209 222 99 5271 0.0394423 1577.69 0 0
 962.000000 3.51382 46.1493 48.8056 47.4774 -65.743 101.798 0.0971662 1.59209 222 80 2630 1.90878 76351.1 0 0
 963.000000 3.45639 48.2381 51.5025 49.8703 -23.599 101.796 0.0971592 1.59209 222 80 2630 0 0 0 0
 964.000000 3.41299 51.1157 53.7113 52.4135 6.68889 101.793 0.0971459 1.59209 222 80 2630 0 0 0 0
 965.000000 3.40325 52.4917 52.6425 52.5671 18.7239 101.791 0.0971278 1.59209 222 80 2630 0 0 0 0
 966.000000 3.33789 51.3763 48.3073 49.8418 -35.0084 101.788 0.097124 1.59209 222 80 2630 0 0 0 0
 967.000000 3.26615 56.181 53.0119 54.5965 2.57062 101.785 0.0969953 1.59209 223 81 2630 0 0 0 0
 968.000000 3.26385 56.8751 54.8924 55.8837 23.9727 101.783 0.097056 1.59209 223 81 2630 0 0 0 0
 969.000000 3.29637 56.0217 53.9099 54.9658 24.2155 101.78 0.0970687 1.59209 223 81 2630 0 0 0 0
 970.000000 3.28978 55.1665 54.8835 55.025 34.5871 101.778 0.097078 1.59209 223 81 2630 0 0 0 0
 971.000000 3.29664 54.6211 51.7215 53.1713 14.7124 101.775 0.0971129 1.59209 223 81 2630 0 0 0 0
 972.000000 3.30287 52.4824 50.1038 51.2931 -3.36821 101.772 0.097101 1.59209 223 81 2630 0 0 0 0
 973.000000 3.27015 53.597 51.4184 52.5077 19.5921 101.77 0.0971269 1.59209 223 81 2630 0 0 0 0
 974.000000 3.18445 58.2655 58.7242 58.4948 33.7108 101.767 0.097157 1.59209 224 125 6300 0 0 0 0
 975.000000 3.16564 57.6597 58.0133 57.8365 34.6614 101.765 0.0971302 1.59209 223 124 6300 0 0 0 0
 976.000000 3.16945 61.7058 54.8376 58.2717 47.6796 101.762 0.0971325 1.59209 223 124 6300 0 0 0 0
 977.000000 3.17414 53.5118 55.2744 54.3931 26.0184 101.76 0.0971631 1.59209 223 124 6300 0 0 0 0
 978.000000 3.20996 54.6093 58.8112 56.7103 53.9982 101.757 0.0971614 1.59209 223 124 6300 0 0 0 0
 979.000000 3.20675 57.0972 61.1717 59.1345 63.3211 101.754 0.097169 1.59209 223 124 6300 0 0 0 0
 980.000000 3.1887 63.006 63.0264 63.0162 68.8494 101.752 0.0971674 1.59209 223 124 6300 0 0 0 0
 981.000000 3.20984 64.5408 64.452 64.4964 74.0324 101.749 0.0972089 1.59209 223 123 3271 0 0 0 0
 982.000000 3.2151 59.559 63.1693 61.3641 76.7074 101.747 0.0972291 1.59209 223 123 3271 0 0 0 0
 983.000000 3.18183 62.5077 65.6219 64.0648 78.1702 101.744 0.097244 1.59209 223 123 3271 0 0 0 0
 984.000000 3.12546 60.8933 62.9262 61.9098 73.0941 101.742 0.0972539 1.59209 223 123 3271 0 0 0 0
 985.000000 3.10311 58.0101 56.7431 57.3766 44.2528 101.739 0.0973615 1.59209 224 134 2047 0 0 0 0
 986.000000 3.0882 56.7912 58.275 57.5331 49.9884 101.736 0.0973743 1.59209 224 134 2047 0 0 0 0
 987.000000 3.04442 55.0632 58.1319 56.5975 45.3143 101.734 0.0974423 1.59209 224 134 2047 0 0 0 0
 988.000000 3.00357 57.0506 53.0156 55.0331 31.4294 101.731 0.097436 1.59209 224 134 2047 0 0 0 0
 989.000000 2.99696 55.6816 55.4151 55.5483 43.0007 101.729 0.0974375 1.59209 224 134 2047 0 0 0 0
 990.000000 2.94165 57.5323 57.1763 57.3543 47.3861 101.726 0.097435 1.59209 224 134 2047 0 0 0 0
 991.000000 2.90273 55.8483 57.397 56.6226 44.4425 101.724 0.0975561 1.59209 225 135 2047 0 0 0 0
 992.000000 2.87862 56.513 58.1234 57.3182 55.4437 101.721 0.0976293 1.59209 225 135 2047 0 0 0 0
 993.000000 2.89725 55.287 55.7285 55.5077 45.3141 101.719 0.0976245 1.59209 225 135 2047 0 0 0 0
 994.000000 2.92327 56.2779 50.6556 53.4667 27.3066 101.716 0.0976462 1.59209 225 135 2047 0 0 0 0
 995.000000 2.94071 51.4524 54.5256 52.989 28.073 101.714 0.0976366 1.59209 225 135 2047 0 0 0 0
 996.000000 2.93476 61.2283 62.086 61.6571 75.8568 101.711 0.0976588 1.59209 225 135 2047 0 0 0 0
 997.000000 2.94759 66.3755 62.6513 64.5134 73.4069 101.709 0.0976938 1.59209 225 149 6196 0 0 0 0
 998.000000 2.95311 60.401 62.3587 61.3799 79.7863 101.706 0.0976955 1.59209 225 149 6196 0 0 0 0
 999.000000 2.97366 62.9582 58.5861 60.7722 78.0579 101.704 0.0976998 1.59209 225 149 6196 0 0 0 0
 1000.000000 2.94739 58.3985 57.1851 57.7918 66.2327 101.701 0.0977172 1.59209 225 148 1474 0 0 0 0
